0.0 -0.5 0.5 3.001 5.9
0.040032025620496396 -0.470990254614 0.956775098183 3.22836875681 5.45179484425
0.08006405124099279 -0.422840452922 1.45516133962 3.4369260758 4.96119561037
0.1200960768614892 -0.35403039211 1.98749282107 3.62511321953 4.43551203963
0.16012810248198558 -0.263391373322 2.54393898881 3.79170914851 3.88424302864
0.200160128102482 -0.150183376751 3.11301011157 3.9359088632 3.31857858931
0.2401921537229784 -0.0141484759296 3.68226182594 4.05737789431 2.75067946938
0.28022417934347477 0.144467323087 4.23908032993 4.15627391746 2.19284293351
0.32025620496397117 0.324922742937 4.77145384155 4.23323513352 1.65664271638
0.3602882305844676 0.526018534093 5.26860628277 4.28933567784 1.15216730413
0.400320256204964 0.746156111537 5.72141017984 4.32601384509 0.687445752544
0.4403522818254604 0.983407424527 6.12253696392 4.34498224266 0.268116820463
0.4803843074459568 1.23558562758 6.46634035069 4.34812966477 -0.102636191164
0.5204163330664532 1.50030629964 6.74853410621 4.33742573347 -0.423923173728
0.5604483586869495 1.77503301023 6.96572287984 4.31483536953 -0.696795880664
0.600480384307446 2.05710260551 7.11488539967 4.28225014983 -0.923783952474
0.6405124099279423 2.34373031637 7.19289407105 4.24143931921 -1.10838350517
0.6805444355484388 2.63199769864 7.1961498935 4.19402118792 -1.25455958987
0.7205764611689351 2.91882923977 7.12039463933 4.14145340096 -1.36630995641
0.7606084867894315 3.20096604775 6.9607468923 4.0850387355 -1.44732589401
0.800640512409928 3.47494556131 6.71198030255 4.0259422905 -1.50076678983
0.8406725380304243 3.73709743571 6.36904879301 3.965215204 -1.52916144167
0.8807045636509208 3.98356502851 5.92783003221 3.90381976323 -1.53443402224
0.9207365892714171 4.21036000665 5.38602521608 3.84265119957 -1.51804159892
0.9607686148919136 4.41345442256 4.74411715189 3.7825521558 -1.4811987447
1.00080064051241 4.58891061182 4.00625945191 3.72431689526 -1.42515374032
1.0408326661329064 4.73304228536 3.18093758121 3.66868433663 -1.35146637261
1.0808646917534028 4.84259507891 2.2812540856 3.6163207591 -1.26223636956
1.120896717373899 4.91492848998 1.32472053808 3.56779531669 -1.16023411731
1.1609287429943955 4.94818081051 0.332538879844 3.52355232491 -1.04891167825
1.200960768614892 4.94139219446 -0.671659668316 3.48388639804 -0.932264285372
1.2409927942353882 4.89457189989 -1.66338156165 3.44892509409 -0.814595965926
1.2810248198558847 4.8086979356 -2.61900592744 3.41862255353 -0.700214227471
1.3210568454763811 4.68564896949 -3.51740368689 3.39276551123 -0.593128501977
1.3610888710968776 4.52807747084 -4.34123462173 3.37099032219 -0.496807535211
1.4011208967173738 4.33923949754 -5.07775906822 3.35280787644 -0.414040479855
1.4411529223378703 4.12280360951 -5.71911611022 3.33763153063 -0.346916148246
1.4811849479583667 3.88265853003 -6.26209412773 3.32480369518 -0.296912394018
1.521216973578863 3.62273840515 -6.70750246008 3.31361712389 -0.265065530935
1.5612489991993594 3.34687895828 -7.05929025703 3.30332844948 -0.252179693545
1.601281024819856 3.0587113943 -7.32355980276 3.29316322407 -0.259036744969
1.6413130504403524 2.76159574272 -7.50760388138 3.28231310247 -0.286573419666
1.6813450760608486 2.45859058602 -7.61906447721 3.26992702141 -0.336002120219
1.721377101681345 2.15245304933 -7.66526355009 3.25509885523 -0.408864510052
1.7614091273018415 1.84566169206 -7.65273638751 3.23685436223 -0.507012613425
1.801441152922338 1.54045394476 -7.58696565322 3.21414031461 -0.632520528103
1.8414731785428342 1.23887046892 -7.47230001935 3.18581842685 -0.787533867003
1.8815052041633307 0.942799513054 -7.31203196958 3.15066637005 -0.974067700871
1.9215372297838271 0.654015316921 -7.1086051582 3.10738774599 -1.19376648534
1.9615692554043234 0.374206417339 -6.86391523481 3.05463204092 -1.44764512905
2.00160128102482 0.104990497284 -6.57966912623 2.9910250257 -1.73583232735
2.0416333066453163 -0.152085608477 -6.25776148144 2.91520893322 -2.05734297092
2.0816653322658127 -0.395560632133 -5.90062672318 2.82589069338 -2.40990802934
2.121697357886309 -0.624086501616 -5.51152515357 2.72189536435 -2.78988968598
2.1617293835068057 -0.836465446892 -5.09472587621 2.60222083934 -3.19230455786
2.2017614091273017 -1.03169189608 -4.65556012402 2.46608923966 -3.61096696885
2.241793434747798 -1.20899372193 -4.20033245185 2.31299019413 -4.03875123577
2.2818254603682946 -1.36786713478 -3.73609668132 2.14271148727 -4.4679546224
2.321857485988791 -1.50810030522 -3.2703230821 1.95535370478 -4.89072686264
2.3618895116092875 -1.62978217425 -2.81049947495 1.75132709536 -5.29952079005
2.401921537229784 -1.73329484968 -2.36371860337 1.53133082039 -5.68751409788
2.4419535628502804 -1.8192901359 -1.93630363708 1.29631670812 -6.04895703216
2.4819855884707764 -1.88865251523 -1.5335162563 1.04744110094 -6.3794109799
2.522017614091273 -1.94245265979 -1.15937795749 0.786009717668 -6.67585860381
2.5620496397117694 -1.98189630055 -0.816615760192 0.513420752004 -6.93668478266
2.602081665332266 -2.00827332738 -0.506723082086 0.231111026864 -7.16154579679
2.6421136909527623 -2.02291127838 -0.230124437683 -0.0594907145947 -7.35114440221
2.6821457165732587 -2.0271370608 0.0135926879243 -0.357000232547 -7.50695061524
2.722177742193755 -2.02224887577 0.225403568037 -0.660102341215 -7.63089351303
2.762209767814251 -2.0094993915 0.406559859955 -0.967563121478 -7.72505350318
2.8022417934347477 -1.99009027337 0.558314142961 -1.27823013241 -7.7913759425
2.842273819055244 -1.96517719108 0.681673858772 -1.59102187975 -7.8314220695
2.8823058446757406 -1.93588385152 0.777197309335 -1.90490825443 -7.84616738309
2.922337870296237 -1.9033232856 0.844840216897 -2.2188838783 -7.83585390014
2.9623698959167335 -1.86862405135 0.883860231962 -2.53193680607 -7.79990177284
3.00240192153723 -1.83295904256 0.892784603267 -2.84301491018 -7.73688441742
3.042433947157726 -1.79757423123 0.869447283523 -3.15099262079 -7.64457251799
3.0824659727782224 -1.76381443034 0.811101640606 -3.45464090232 -7.52005250845
3.122497998398719 -1.73314293719 0.714614113337 -3.75260354987 -7.35992439847
3.1625300240192153 -1.70715179256 0.576741144963 -4.04338299777 -7.16058079996
3.202562049639712 -1.68755919418 0.394485528115 -4.32533900265 -6.91856260759
3.2425940752602083 -1.67619147264 0.165518853533 -4.59670266996 -6.63097721365
3.2826261008807047 -1.67494707127 -0.111355666414 -4.85560821694 -6.29595223118
3.322658126501201 -1.6857419189 -0.435739572873 -5.10014285816 -5.91308375743
3.362690152121697 -1.71043705282 -0.805227692173 -5.3284136632 -5.48382440067
3.4027221777421937 -1.75075176761 -1.21510479559 -5.53862776959 -5.01175337575
3.44275420336269 -1.80816772404 -1.65820774742 -5.72918007673 -4.50266961425
3.4827862289831866 -1.88383159424 -2.12499329485 -5.89874035539 -3.96446673209
3.522818254603683 -1.97846477154 -2.60382331734 -6.0463307692 -3.40677846651
3.5628502802241795 -2.09228863016 -3.08144928228 -6.17138485226 -2.8404151986
3.602882305844676 -2.22497227146 -3.54364089585 -6.27378073848 -2.27665232515
3.642914331465172 -2.37560704869 -3.97588140022 -6.35384436358 -1.72645751279
3.6829463570856684 -2.54270890672 -4.36404320628 -6.41232208068 -1.19975705145
3.722978382706165 -2.72424581126 -4.69497025135 -6.45032654825 -0.704831571262
3.7630104083266613 -2.91768610032 -4.95691632426 -6.46926182936 -0.247912509806
3.803042433947158 -3.12006115332 -5.13982666957 -6.47073708108 0.166989147191
3.8430744595676543 -3.32803636722 -5.23548882877 -6.45647813881 0.538032736229
3.8831064851881507 -3.53798637188 -5.23759762163 -6.42824475655 0.86531334034
3.9231385108086467 -3.74607217878 -5.14178961069 -6.38776004057 1.15049685356
3.963170536429143 -3.94831989677 -4.94570283942 -6.33665613378 1.39639831029
4.00320256204964 -4.14070291159 -4.64908955373 -6.27643634078 1.60656129189
4.0432345876701365 -4.31922975716 -4.25398897731 -6.20845374168 1.7848855028
4.083266613290633 -4.48003986825 -3.76493411755 -6.13390340457 1.93533863265
4.123298638911129 -4.61950715401 -3.18913662869 -6.05382355345 2.06175866349
4.1633306645316255 -4.73434971389 -2.53658236899 -5.96910330744 2.16774776002
4.2033626901521215 -4.82174026433 -1.81997223358 -5.88049301219 2.25663588333
4.243394715772618 -4.87941022934 -1.05444801245 -5.78861496774 2.3314965554
4.283426741393114 -4.90573783214 -0.257077793913 -5.69397291309 2.39518659218
4.323458767013611 -4.89981149206 0.553863480083 -5.59695982857 2.45038793947
4.363490792634107 -4.86146040685 1.35978695477 -5.49786424831 2.49964074198
4.403522818254603 -4.79124813306 2.14274276853 -5.39687558379 2.54535830311
4.4435548438751 -4.69042898124 2.88634409247 -5.29408916838 2.58982685982
4.483586869495596 -4.56086884395 3.57654672173 -5.18951152102 2.6351939376
4.523618895116093 -4.40493859666 4.20220560966 -5.08306621322 2.68345361264
4.563650920736589 -4.22539205242 4.75537120362 -4.97460027409 2.73643524001
4.603682946357086 -4.02523638746 5.23131802365 -4.86389090903 2.79579701025
4.643714971977582 -3.80760651576 5.62833556818 -4.75065239496 2.86302473896
4.683746997598078 -3.57565158968 5.94734719421 -4.63454296908 2.93943269076
4.723779023218575 -3.33243942914 6.19141627226 -4.51517169996 3.02616233348
4.763811048839071 -3.08088119485 6.3652149928 -4.39210552128 3.12417557578
4.803843074459568 -2.82367718248 6.47450612696 -4.2648766795 3.23424051127
4.843875100080064 -2.56328298113 6.52567944039 -4.13299089562 3.35690935583
4.883907125700561 -2.30189275043 6.52537433534 -3.99593657678 3.49249047756
4.923939151321057 -2.04143469427 6.48018735287 -3.85319515254 3.64101855889
4.963971176941553 -1.78357718749 6.3964653667 -3.70425259684 3.80222644087
5.00400320256205 -1.52974221195 6.28018364993 -3.54861204834 3.97552408117
5.044035228182546 -1.28112094875 6.13686658441 -3.38580689552 4.15998774707
5.084067253803043 -1.03869297981 5.97156721663 -3.2154141554 4.3543632878
5.124099279423539 -0.803245028861 5.78887010646 -3.03706738339 4.55708532566
5.164131305044036 -0.575389359348 5.59290963634 -2.85046846796 4.76631253622
5.204163330664532 -0.355581301463 5.38739469573 -2.65539771155 4.97997787038
5.244195356285028 -0.144135947514 5.17563221638 -2.45172171294 5.19585214855
5.2842273819055245 0.0587563921363 4.96054545819 -2.23939823697 5.41161515952
5.324259407526021 0.253015136183 4.74468721398 -2.01847857567 5.62493031873
5.3642914331465175 0.438654328058 4.53024844201 -1.78910659276 5.83352239164
5.4043234587670135 0.615768646027 4.31906382276 -1.55151483153 6.03524468405
5.44435548438751 0.78451930878 4.11261803149 -1.30601823407 6.22813834656
5.484387510008006 0.94512024117 3.9120550824 -1.05300573358 6.41047867227
5.524419535628502 1.09782404781 3.71819380274 -0.792929757563 6.58080829095
5.564451561248999 1.24291040622 3.53154986925 -0.526295701831 6.73794695685
5.604483586869495 1.38067391442 3.35236671238 -0.253650559618 6.88099193972
5.644515612489992 1.51141429639 3.18065302407 0.0244276197119 7.00930133768
5.684547638110488 1.63542732136 3.01623040685 0.3073402237 7.12246366313
5.724579663730985 1.75299901804 2.85878295991 0.594475811984 7.22025839886
5.764611689351481 1.86440077211 2.70791322185 0.885217273449 7.30260952727
5.804643714971977 1.96988719588 2.56320011619 1.1789465245 7.36953341331
5.844675740592474 2.06969706388 2.42425464044 1.4750469658 7.42108331441
5.88470776621297 2.16405510601 2.2907726209 1.77290402085 7.45729976349
5.924739791833467 2.25317608891 2.162591272 2.0719036415 7.4781565555
5.964771817453963 2.33727191114 2.03973097627 2.37142859303 7.48351429677
6.00480384307446 2.4165594297 1.92242759122 2.67085333797 7.47308286656
6.044835868694956 2.49127008012 1.81117373657 2.9695367005 7.44637832797
6.084867894315452 2.5616602504 1.70672186173 3.26681405049 7.40270717766
6.124899919935949 2.62802166318 1.61008799092 3.56198862332 7.34115197832
6.164931945556445 2.69069198376 1.52253765684 3.85432222278 7.26057112894
6.204963971176942 2.75006353844 1.44555355531 4.1430271567 7.15961481329
6.244995996797438 2.80659188355 1.3807760668 4.4272576709 7.03676229144
6.285028022417935 2.86080000126 1.32992678834 4.70610473559 6.89037643497
6.325060048038431 2.91327989 1.29470666082 4.97859260811 6.71878048527
6.365092073658927 2.96468892358 1.2766664731 5.24367940535 6.52036026477
6.405124099279424 3.01574118515 1.27706611436 5.50026185278 6.29367901053
6.44515612489992 3.06719294472 1.29671202549 5.74718466019 6.03761246913
6.4851881505204165 3.11982061818 1.33579355626 5.98325643002 5.75148855838
6.5252201761409125 3.1743934999 1.39372593085 6.20726994839 5.43522265515
6.5652522017614094 3.23163984487 1.46901078756 6.41802825001 5.08943971922
6.6052842273819055 3.29220696109 1.55913266862 6.61437587443 4.71556673223
6.645316253002402 3.35662102751 1.6605208965 6.79523073754 4.31586969071
6.685348278622898 3.42524412882 1.76856215763 6.95961836332 3.89344826026
6.725380304243394 3.49823417554 1.87769653282 7.10670398669 3.45216129098
6.765412329863891 3.57551043054 1.98158817883 7.2358202576 2.99649295518
6.805444355484387 3.65672677069 2.07336851845 7.34648892723 2.53136473326
6.845476381104884 3.7412564624 2.14593846789 7.43843374006 2.06190901589
6.88550840672538 3.82818961697 2.19230804492 7.51158405489 1.59322627044
6.925540432345877 3.91634462531 2.20595319182 7.56606878186 1.13014626053
6.965572457966373 4.00429394318 2.18116152894 7.60220112681 0.677018212305
7.005604483586869 4.09040278485 2.1133447652 7.62045601099 0.237546060619
7.045636509207366 4.17287947437 1.99929908309 7.62144188361 -0.185320278893
7.085668534827862 4.24983543955 1.83739730637 7.60586912032 -0.589432647523
7.125700560448359 4.31935036689 1.627697958 7.57451821161 -0.973433979426
7.165732586068855 4.37954062187 1.37197369179 7.52820901626 -1.33670160578
7.205764611689352 4.42862702013 1.07365266418 7.46777312342 -1.67925458666
7.245796637309848 4.46499854857 0.737678914553 7.39403038459 -2.0016405971
7.285828662930344 4.48726900294 0.37029854036 7.3077701595 -2.30481489085
7.325860688550841 4.494323752 -0.0212172174509 7.20973740234 -2.59002180506
7.365892714171337 4.48535442423 -0.428896124214 7.10062329689 -2.85868659825
7.405924739791834 4.45987995852 -0.844417149014 6.98105992741 -3.1123220914
7.44595676541233 4.41775337386 -1.25947032243 6.85161838279 -3.35245155739
7.485988791032827 4.35915435043 -1.66610109646 6.7128096009 -3.58054790164
7.526020816653323 4.28456866286 -2.05701859565 6.56508735684 -3.7979875467
7.566052842273819 4.19475632229 -2.42585009455 6.40885283365 -4.00601695671
7.606084867894316 4.09071082685 -2.76732899214 6.24446031469 -4.20572974688
7.646116893514812 3.97361234092 -3.07740955041 6.07222360767 -4.39805248892
7.6861489191353085 3.84477772085 -3.35330888547 5.89242289947 -4.58373778711
7.7261809447558045 3.70561023501 -3.59348163093 5.70531175992 -4.76336345032
7.766212970376301 3.55755155642 -3.79753728529 5.51112406001 -4.93733686104
7.806244995996797 3.40203793268 -3.96611397384 5.31008062896 -5.10590404096
7.8462770216172935 3.24046204677 -4.10072277924 5.10239546289 -5.26916277032
7.88630904723779 3.07414146482 -4.20357667315 4.88828133785 -5.42707915359
7.926341072858286 2.90429401284 -4.27741545293 4.6679547076 -5.57950701748
7.966373098478783 2.73202007031 -4.32533817462 4.44163977836 -5.72620929281
8.00640512409928 2.55829147662 -4.35065290513 4.20957167294 -5.86688037481
8.046437149719775 2.38394562249 -4.35674044157 3.97199875151 -6.00116866755
8.086469175340273 2.20968502482 -4.34694297052 3.72918400537 -6.12869818519
8.126501200960769 2.03608070338 -4.32447603584 3.48140563068 -6.24908842447
8.166533226581265 1.86357858726 -4.29236099259 3.22895686659 -6.36197160416
8.206565252201761 1.69250841019 -4.25337862706 2.97214516471 -6.4670063728
8.246597277822257 1.52309389081 -4.21003947936 2.71129094899 -6.56388829196
8.286629303442755 1.35546391562 -4.16456967943 2.44672597455 -6.65235630521
8.326661329063251 1.18966407995 -4.11890832122 2.1787915181 -6.73219579148
8.366693354683747 1.02566789746 -4.07471429638 1.90783652359 -6.80323787902
8.406725380304243 0.863387889286 -4.03337946634 1.63421580548 -6.86535648237
8.446757405924739 0.702685933028 -3.99604519832 1.35828849302 -6.91846319843
8.486789431545237 0.543382913833 -3.96362229972 1.08041658631 -6.96250040412
8.526821457165733 0.385267522703 -3.93680958091 0.800963922025 -6.99743401094
8.566853482786229 0.228104483314 -3.91611267398 0.520295316104 -7.02324605979
8.606885508406725 0.0716417879531 -3.90185846771 0.238776146203 -7.03992814666
8.646917534027223 -0.0843821844888 -3.89420861138 -0.0432280296824 -7.04747562442
8.686949559647719 -0.240232460853 -3.89316622359 -0.325351415213 -7.04588397105
8.726981585268215 -0.396171004584 -3.89858136988 -0.607228053376 -7.0351461929
8.76701361088871 -0.552450784077 -3.91014884215 -0.888491599133 -7.01525327231
8.807045636509207 -0.709309323814 -3.92740526839 -1.1687753701 -6.98619502084
8.847077662129704 -0.86696230843 -3.94971880986 -1.44771229101 -6.94796440318
8.8871096877502 -1.02559658397 -3.97627921368 -1.7249351436 -6.9005613912
8.927141713370697 -1.18536269698 -4.00608212982 -2.0000769705 -6.84399975158
8.967173738991193 -1.34636695605 -4.03791661191 -2.2727716986 -6.77831185966
9.007205764611689 -1.50866274296 -4.07034890691 -2.54265505729 -6.70355569793
9.047237790232186 -1.67224141297 -4.10171147284 -2.8093656784 -6.61981932474
9.087269815852682 -1.83702274054 -4.13009520432 -3.07254638659 -6.52722443098
9.127301841473178 -2.00284524767 -4.15334882232 -3.33184556508 -6.42592754113
9.167333867093674 -2.169456556 -4.16908662099 -3.58691855765 -6.31611867539
9.207365892714172 -2.33650451642 -4.17470936195 -3.83742888655 -6.19801673135
9.247397918334668 -2.50352893421 -4.1674365767 -4.08304935722 -6.07186197474
9.287429943955164 -2.66995582903 -4.14436008487 -4.32346256347 -5.93790472125
9.32746196957566 -2.83509309175 -4.10251008158 -4.55836115694 -5.79639169124
9.367493995196156 -2.99812998736 -4.03894509524 -4.78744729612 -5.64754919592
9.407526020816654 -3.15814055705 -3.9508582866 -5.01043147192 -5.49156517702
9.44755804643715 -3.31409080603 -3.83570222305 -5.22703064417 -5.32856915099
9.487590072057646 -3.46485262874 -3.69132749363 -5.43696543045 -5.15861330416
9.527622097678142 -3.60922221505 -3.51612928076 -5.63995667183 -4.98165317688
9.567654123298638 -3.74594466512 -3.30919867109 -5.83572121236 -4.79753030547
9.607686148919136 -3.87374524652 -3.07045630007 -6.02396703266 -4.60595849898
9.647718174539632 -3.99136467913 -2.80077545354 -6.20438789184 -4.40651240863
9.687750200160128 -4.09759911083 -2.50207076448 -6.37665761982 -4.19862073478
9.727782225780624 -4.19134300762 -2.17734197743 -6.54042424071 -3.98156498196
9.767814251401122 -4.27163262218 -1.83066695216 -6.69530413287 -3.75448416318
9.807846277021618 -4.33768827177 -1.46713636086 -6.84087650093 -3.51638648708
9.847878302642114 -4.38895188108 -1.0927147219 -6.97667861717 -3.26617122457
9.88791032826261 -4.42511876128 -0.714058822296 -7.10220196907 -3.00265809411
9.927942353883106 -4.44616050867 -0.338271485454 -7.21688989771 -2.72462978327
9.967974379503604 -4.45233741115 0.0273803147528 -7.32013713905 -2.43088638737
10.0080064051241 -4.44419878047 0.375775452433 -7.41129187778 -2.12031420952
10.048038430744596 -4.42257082488 0.700249121757 -7.48966078375 -1.79196662955
10.088070456365092 -4.38853247069 0.994892506511 -7.55451747779 -1.44515655546
10.128102481985588 -4.34337945659 1.25482070112 -7.60511495121 -1.0795565047
10.168134507606085 -4.28857888882 1.47639006198 -7.6407019539 -0.695299002671
10.208166533226581 -4.22571613054 1.65735494 -7.66054334571 -0.293069616808
10.248198558847077 -4.15643702027 1.79695562509 -7.663943703 0.125817270224
10.288230584467573 -4.0823875892 1.8959224094 -7.65027378392 0.559373073484
10.328262610088071 -4.00515594031 1.95641067139 -7.61899757184 1.00492703646
10.368294635708567 -3.92621759904 1.98185694545 -7.569699066 1.45916516828
10.408326661329063 -3.84688830024 1.97677098004 -7.50210640634 1.91821808329
10.44835868694956 -3.76828599381 1.94647536233 -7.41611159159 2.37779571795
10.488390712570055 -3.69130418076 1.89681117236 -7.31178394283 2.83335987846
10.528422738190553 -3.61659729049 1.83382930682 -7.18937616228 3.28032129078
10.568454763811049 -3.54457838301 1.7634896014 -7.04932227619 3.71424371709
10.608486789431545 -3.47542832937 1.69138858328 -6.8922276065 4.13103656414
10.648518815052041 -3.40911524407 1.62252980543 -6.71885144422 4.52712233829
10.688550840672539 -3.34542159836 1.56116137852 -6.53008389814 4.89955482062
10.728582866293035 -3.28397679752 1.51066666018 -6.32691907939 5.24609826058
10.768614891913531 -3.2242928638 1.47352730851 -6.11042590452 5.56524904699
10.808646917534027 -3.16580032386 1.45134239146 -5.88171912248 5.85621206514
10.848678943154523 -3.10788221742 1.44489616608 -5.64193219236 6.11883762517
10.88871096877502 -3.04990484274 1.45426457347 -5.39219311744 6.35352798234
10.928742994395517 -2.99124348664 1.47894259344 -5.13360459287 6.56112743909
10.968775020016013 -2.93130296852 1.51798385951 -4.86722862629 6.74280456514
11.008807045636509 -2.86953250328 1.57013926112 -4.59407588551 6.89993739932
11.048839071257005 -2.80543520654 1.63398742103 -4.31509943599 7.03400763405
11.088871096877503 -2.73857256496 1.70805015682 -4.03119251987 7.14650942482
11.128903122497999 -2.66856471945 1.7908899296 -3.74318958881 7.23887482695
11.168935148118495 -2.59508721971 1.88118744545 -3.45186998528 7.31241693046
11.20896717373899 -2.51786503662 1.97779885593 -3.15796357367 7.36829061416
11.248999199359488 -2.43666481344 2.07979578993 -2.8621575311 7.40746774894
11.289031224979984 -2.35128575255 2.18648664437 -2.56510390719 7.4307277718
11.32906325060048 -2.26154956803 2.29741975076 -2.2674275966 7.43866297968
11.369095276220976 -2.16729155655 2.41237931592 -1.96973317343 7.43168891741
11.409127301841473 -2.06835121461 2.53136592077 -1.67261176497 7.41006718667
11.44915932746197 -1.9645640963 2.65456814802 -1.37664666236 7.37393500478
11.489191353082466 -1.85575507041 2.78232675807 -1.08241755335 7.32334045378
11.529223378702962 -1.74173302676 2.915092286 -0.790503307883 7.25828243564
11.569255404323458 -1.62228738336 3.05337771927 -0.501483120941 7.17875417133
11.609287429943954 -1.49718662435 3.19770812281 -0.215935815351 7.08478830334
11.649319455564452 -1.36617883837 3.34856804319 0.0655626425075 6.97650259079
11.689351481184948 -1.22899426018 3.50634771069 0.342443328634 6.85414458897
11.729383506805444 -1.08535051064 3.67129439116 0.614150696498 6.7181290444
11.76941553242594 -0.934958886037 3.84346107463 0.880149633345 6.56907390698
11.809447558046438 -0.77753322308 4.02266338993 1.13993431536 6.40782453984
11.849479583666934 -0.612800081399 4.20843937883 1.39303745804 6.23546878925
11.88951160928743 -0.440510763579 4.40001736774 1.63904044388 6.05333848833
11.929543634907926 -0.260453981372 4.59628823234 1.87758244678 5.86299814186
11.969575660528422 -0.0724700091556 4.7957860057 2.10836968033 5.66621760745
12.00960768614892 0.123534754211 4.99666892784 2.33118258296 5.46493510763
12.049639711769416 0.32757246053 5.19670870456 2.54588178738 5.26120303593
12.089671737389912 0.539558068719 5.39327534472 2.7524113487 5.05713103387
12.129703763010408 0.759293064031 5.58332634336 2.95079983272 4.85481737436
12.169735788630904 0.986448579556 5.76338892172 3.14115841894 4.65628484845
12.209767814251402 1.22054791658 5.92954574881 3.32367659436 4.46341401645
12.249799839871898 1.46094829721 6.07741824094 3.49861553462 4.27788841568
12.289831865492394 1.70682222047 6.20215568373 3.66629894075 4.10114579575
12.32986389111289 1.95713854579 6.29843637019 3.82710260011 3.93434396935
12.369895916733388 2.21064409119 6.36049161333 3.98144265139 3.77834056303
12.409927942353884 2.46584668045 6.38216509601 4.12976341855 3.63368620984
12.44995996797438 2.72100164168 6.35702144379 4.27252519127 3.5006297403
12.489991993594876 2.97410378951 6.27851773203 4.4101924085 3.37913284195
12.530024019215372 3.22288778374 6.14025104651 4.54322256352 3.26889101211
12.57005604483587 3.46484026773 5.93628876956 4.67205603754 3.16935685697
12.610088070456365 3.69722648926 5.66157295513 4.79710680999 3.07976165587
12.650120096076861 3.91713434911 5.31238718102 4.91875394899 2.99913294696
12.690152121697357 4.12153807625 4.88685696391 5.03733372839 2.92630729849
12.730184147317853 4.30738196883 4.38543516249 5.15313217602 2.85993789456
12.770216172938351 4.47168213565 3.81131462921 5.26637779451 2.79849845789
12.810248198558847 4.61164223697 3.17070360427 5.37723444838 2.74028681565
12.850280224179343 4.7247765575 2.47290814066 5.48579442 2.68342989444
12.89031224979984 4.8090317801 1.73017716333 5.59207171155 2.6258914677
12.930344275420337 4.86289752551 0.957296508984 5.69599569756 2.56548141576
12.970376301040833 4.8854962083 0.170951725893 5.79740512861 2.49986307631
13.010408326661329 4.87664207035 -0.611077145878 5.89604229584 2.42655274707
13.050440352281825 4.83686870736 -1.37080894656 5.99154695524 2.34290837511
13.090472377902321 4.7674185554 -2.09094797968 6.08344953695 2.24610533555
13.130504403522819 4.67019946301 -2.75566457177 6.17116320883 2.13310415183
13.170536429143315 4.54771313155 -3.35120390115 6.25397465251 2.00062152643
13.210568454763811 4.40296332915 -3.8662863935 6.33103404659 1.84512277159
13.250600480384307 4.23935228826 -4.292302316 6.40134553919 1.66285739505
13.290632506004805 4.06057286131 -4.62333430249 6.46376039215 1.44995957406
13.3306645316253 3.87050225696 -4.85606538167 6.51697559061 1.20262822689
13.370696557245797 3.67310092527 -4.98962795998 6.55954167106 0.917397211676
13.410728582866293 3.47231755175 -5.02545594466 6.58988275471 0.591479697608
13.450760608486789 3.27199940118 -4.9671646663 6.60633154251 0.223165014791
13.490792634107287 3.07580681742 -4.82046629275 6.60718061748 -0.187776638744
13.530824659727783 2.887130641 -4.59309951112 6.59074903741 -0.639741451078
13.570856685348279 2.70901287263 -4.29473299444 6.55546103706 -1.1290505702
13.610888710968775 2.54407257317 -3.93679195001 6.49993113271 -1.64988069269
13.65092073658927 2.39444082568 -3.53216667084 6.4230479675 -2.1944025944
13.690952762209768 2.2617104673 -3.09477579274 6.3240480317 -2.75314656942
13.730984787830264 2.14690582052 -2.63899978322 6.20257072535 -3.31555759101
13.77101681345076 2.05047715554 -2.17902222118 6.05868832813 -3.87068774632
13.811048839071256 1.97232232442 -1.72814780813 5.89290682818 -4.40793886519
13.851080864691754 1.91183473679 -1.29817850112 5.70613770504 -4.91775850769
13.89111289031225 1.86797399385 -0.898920184441 5.49964411245 -5.39220683565
13.931144915932746 1.83935244472 -0.537880611564 5.2749682889 -5.82532536305
13.971176941553242 1.82432985898 -0.220170867158 5.0338484007 -6.21329337881
14.011208967173738 1.82110798735 0.0513922583828 4.77813336971 -6.55437186702
14.051240992794236 1.82781740761 0.276013682637 4.50970379994 -6.84866554763
14.091273018414732 1.84259112369 0.45453933973 4.23040496617 -7.09776812749
14.131305044035228 1.86362152863 0.58901482096 3.9419955623 -7.30433820754
14.171337069655724 1.88919943479 0.682237990974 3.6461138251 -7.47166296838
14.21136909527622 1.91773607725 0.737344102284 3.34426032084 -7.60324921173
14.251401120896718 1.94776816655 0.757451667385 3.037797632 -7.70247287933
14.291433146517214 1.97795225138 0.745384394573 2.72796045512 -7.77230038491
14.33146517213771 2.00704886117 0.703467766669 2.41587610029 -7.81508322755
14.371497197758206 2.03389946688 0.633407330502 2.10259226897 -7.8324336941
14.411529223378704 2.05740047244 0.536237648638 1.78910793568 -7.82516986275
14.4515612489992 2.0764762622 0.412341280498 1.47640530079 -7.79333095506
14.491593274619696 2.09005493167 0.261522051551 1.16547913649 -7.73624708774
14.531625300240192 2.09704699423 0.0831366268106 0.857363455251 -7.65266913816
14.571657325860688 2.09633114947 -0.123729851144 0.55315095091 -7.54094597717
14.611689351481186 2.0867475847 -0.360048990821 0.254004815916 -7.39924587493
14.651721377101682 2.06710047902 -0.626607438631 -0.0388390573078 -7.22581202623
14.691753402722178 2.03617041388 -0.923753198369 -0.324080506586 -7.01923926358
14.731785428342674 1.99273701685 -1.25114893714 -0.600374899096 -6.77875485085
14.77181745396317 1.93561076129 -1.60755837565 -0.866363700571 -6.50447773389
14.811849479583667 1.86367236148 -1.99068849435 -1.12071467691 -6.1976329359
14.851881505204164 1.77591687867 -2.39711220446 -1.36216921536 -5.86069334453
14.89191353082466 1.67149908733 -2.82229197849 -1.58959363639 -5.49742364534
14.931945556445156 1.54977566194 -3.26070915447 -1.80202991703 -5.11281369877
14.971977582065653 1.4103401586 -3.70609311285 -1.99874148009 -4.71289826462
15.01200960768615 1.25304717882 -4.15172892109 -2.17924968023 -4.30447479429
15.052041633306645 1.07802349207 -4.59080772468 -2.34335765872 -3.89474668947
15.092073658927141 0.885663788657 -5.0167831487 -2.49115787434 -3.49091939739
15.132105684547637 0.676614714969 -5.4236705465 -2.62302499388 -3.09981573202
15.172137710168135 0.451747386013 -5.80627083564 -2.739593241 -2.72752409299
15.212169735788631 0.212123259036 -6.16027924798 -2.84172115424 -2.3791284926
15.252201761409127 -0.0410417651864 -6.48227155182 -2.93044764862 -2.05853692494
15.292233787029623 -0.306410392218 -6.76957002812 -3.00694319098 -1.76841715228
15.33226581265012 -0.582549061745 -7.02001249656 -3.07246091719 -1.5102317133
15.372297838270617 -0.867943231882 -7.23164896666 -3.12829005395 -1.28435715487
15.412329863891113 -1.16099887766 -7.40240561535 -3.17571618664 -1.09026569894
15.452361889511609 -1.46003088882 -7.52975178486 -3.21598926676 -0.926743525601
15.492393915132105 -1.76323874378 -7.61040827067 -3.25030078379 -0.792122424513
15.532425940752603 -2.06867191018 -7.64013245478 -3.27977011003 -0.684503366072
15.572457966373099 -2.37418872351 -7.6136146057 -3.30543934083 -0.601953820218
15.612489991993595 -2.67741408707 -7.52451865429 -3.32827520971 -0.542663054901
15.652522017614091 -2.97570187027 -7.36568970348 -3.34917622694 -0.505046784523
15.692554043234587 -3.2661093965 -7.12955217387 -3.36898285324 -0.487790124374
15.732586068855085 -3.54539189505 -6.80870260021 -3.3884880329 -0.489825431062
15.77261809447558 -3.81002427032 -6.39668152994 -3.40844558938 -0.51024618489
15.812650120096077 -4.05625669678 -5.88887877555 -3.42957399925 -0.548165813782
15.852682145716573 -4.28020782108 -5.28349241135 -3.45255370569 -0.602538998048
15.89271417133707 -4.47799559407 -4.5824261041 -3.47801696057 -0.671973228036
15.932746196957567 -4.64590044947 -3.79198508898 -3.5065305155 -0.754565513966
15.972778222578063 -4.78054991356 -2.92322730546 -3.538572892 -0.847801079735
16.01281024819856 -4.87910833042 -1.99185315612 -3.57450936647 -0.948544231228
16.052842273819056 -4.9394518643 -1.01757679822 -3.61456870763 -1.05313578036
16.09287429943955 -4.96030817996 -0.0230053055302 -3.65882586985 -1.15758892737
16.13290632506005 -4.94134353841 0.967845476765 -3.70719391044 -1.25784851428
16.172938350680546 -4.88318602557 1.93122010055 -3.75942681942 -1.35006706872
16.21297037630104 -4.78738232573 2.84522795969 -3.81513270345 -1.43083540807
16.253002401921538 -4.65629545421 3.69117336075 -3.87379445738 -1.49732179225
16.293034427542032 -4.49295716099 4.4544434073 -3.93479369157 -1.54728954178
16.33306645316253 -4.30089532735 5.12488417914 -3.99743284968 -1.57899368908
16.373098478783028 -4.08395634516 5.69668088922 -4.06095115053 -1.59098038815
16.413130504403522 -3.84614054187 6.16783152225 -4.12453124424 -1.58183087235
16.45316253002402 -3.59146529612 6.53935168352 -4.18729517941 -1.54990032535
16.493194555644514 -3.32386179927 6.81437410363 -4.24829098884 -1.49310131464
16.533226581265012 -3.04710858063 6.99725613795 -4.30647180372 -1.40876680039
16.57325860688551 -2.76479817065 7.09281823991 -4.36067174403 -1.29362285952
16.613290632506004 -2.4803305211 7.10578438018 -4.4095831634 -1.14388605063
16.653322658126502 -2.19692441659 7.04045765393 -4.45174017367 -0.955487633969
16.693354683746996 -1.91763634168 6.90064578936 -4.48551392928 -0.724417418968
16.733386709367494 -1.64537817507 6.68980787625 -4.50912341065 -0.447164253263
16.77341873498799 -1.38292509347 6.41138736134 -4.52066535829 -0.121220085172
16.813450760608486 -1.13290703386 6.06926049833 -4.51816492259 0.254406619864
16.853482786228984 -0.897782086588 5.66823156526 -4.49964578493 0.678722538368
16.893514811849478 -0.679789835733 5.21447256962 -4.46321714278 1.14840604041
16.933546837469976 -0.480890069172 4.71582571943 -4.40717075002 1.65765026361
16.973578863090474 -0.302693356227 4.18189139628 -4.33007962093 2.19824617273
17.013610888710968 -0.146393172072 3.62385178752 -4.23088807183 2.7599342341
17.053642914331466 -0.0127105321997 3.05403768077 -4.1089826305 3.33099716272
17.09367493995196 0.0981396268098 2.48527909366 -3.96423529938 3.89903989218
17.133706965572458 0.186453091995 1.93013182729 -3.79701334271 4.45185707885
17.173738991192955 0.253009602743 1.40009033241 -3.60815461626 4.97827759939
17.21377101681345 0.299016134464 0.904905202559 -3.39891134136 5.46887272402
17.253803042433947 0.326026560824 0.452095257173 -3.17086970327 5.91644713212
17.293835068054445 0.335846630938 0.0467073114049 -2.9258549309 6.31626934629
17.33386709367494 0.330434501561 -0.308668669006 -2.66583243508 6.66604248379
17.373899119295437 0.311806535113 -0.613659107433 -2.39281476047 6.96565136416
17.41393114491593 0.281956245978 -0.86970227231 -2.10878208883 7.21675041752
17.45396317053643 0.242791615188 -1.0795464195 -1.81562130096 7.42225988452
17.493995196156927 0.196093125541 -1.24671739761 -1.51508573978 7.58583621138
17.53402722177742 0.143493258153 -1.37500916175 -1.20877624955 7.71136856792
17.57405924739792 0.0864748280078 -1.46803477344 -0.8981407843 7.80253714013
17.614091273018413 0.0263858686535 -1.52885871135 -0.584490270746 7.86245266344
17.65412329863891 -0.0355324763711 -1.55972052195 -0.269027207644 7.89338608653
17.69415532425941 -0.0981088360935 -1.56185059685 0.0471167141628 7.89658846072
17.734187349879903 -0.160199310781 -1.53537252343 0.362837918198 7.87219515555
17.7742193755004 -0.220642488289 -1.47929627893 0.677015604683 7.81921844433
17.814251401120895 -0.278216179784 -1.39159667176 0.988468052027 7.73562286786
17.854283426741393 -0.331599090077 -1.26938077916 1.29591368252 7.61848727663
17.89431545236189 -0.379340850254 -1.10914629029 1.59794023658 7.46425582428
17.934347477982385 -0.419844363456 -0.907130658461 1.89298593521 7.26907856243
17.974379503602883 -0.451363797105 -0.659743636144 2.17933594205 7.02923537767
18.014411529223377 -0.472021244178 -0.364065000975 2.4551371748 6.74162671676
18.054443554843875 -0.47984417417 -0.0183719015978 2.71843369639 6.40429768419
18.094475580464373 -0.472823624277 0.377351076284 2.96722281939 6.0169504394
18.134507606084867 -0.448991474601 0.820987838927 3.19953053457 5.58137783685
18.174539631705365 -0.406511878787 1.30801634575 3.41350161378 5.10175431925
18.21457165732586 -0.343779574652 1.83144799811 3.60749735347 4.58471742696
18.254603682946357 -0.25951568419 2.38202069816 3.78019165303 4.03919442794
18.294635708566855 -0.152850617424 2.94864162661 3.93065481213 3.47596936633
18.33466773418735 -0.0233848888471 3.51903868864 4.05841526446 2.90702114191
18.374699759807847 0.128778953774 4.08053596576 4.16349143246 2.34470716612
18.414731785428344 0.303036066915 4.62083966598 4.24638952762 1.80089867263
18.45476381104884 0.498308758223 5.12872077717 4.30806770048 1.2861796298
18.494795836669336 0.713099598405 5.594497917 4.34987105331 0.809210523007
18.53482786228983 0.945559035151 6.01026230402 4.37344537445 0.376326433562
18.57485988791033 1.19355552383 6.36984052142 4.38064165035 -0.0086050889406
18.614891913530826 1.4547413381 6.66852182648 4.37341706819 -0.344080047454
18.65492393915132 1.72660245458 6.90262489012 4.35374642939 -0.630651614568
18.694955964771818 2.0064895592 7.06899253012 4.32354863827 -0.870492391344
18.734987990392312 2.29162912427 7.16449471756 4.28463140169 -1.06688577839
18.77502001601281 2.57911599792 7.18563491239 4.23865740099 -1.22372167212
18.815052041633308 2.86589348644 7.12831600605 4.187129266 -1.34503823396
18.855084067253802 3.14872814032 6.98781650742 4.13139118885 -1.43465139283
18.8951160928743 3.42418824408 6.75901367994 4.07264361234 -1.49589864452
18.935148118494794 3.68863634029 6.43685066222 4.01196538414 -1.53150602354
18.975180144115292 3.93824512617 6.01703081496 3.95033878774 -1.54358144233
19.01521216973579 4.16904478364 5.49688306649 3.88867243139 -1.53372355611
19.055244195356284 4.37700621994 4.87630880897 3.82781799588 -1.50322352617
19.095276220976782 4.55816460173 4.15869684049 3.76857706525 -1.45333481756
19.135308246597276 4.70877216343 3.35162859024 3.7116972351 -1.38554463502
19.175340272217774 4.82547553385 2.46725531269 3.65785773602 -1.3018191303
19.21537229783827 4.9054985987 1.52220287222 3.60764666282 -1.20476024817
19.255404323458766 4.94681090172 0.536946446093 3.5615344018 -1.0976414002
19.295436349079264 4.94826057052 -0.46532381428 3.51984825988 -0.98430957196
19.33546837469976 4.90965353047 -1.46022361748 3.48275346719 -0.868970915525
19.375500400320256 4.83176710036 -2.42387537754 3.45024450348 -0.755904495719
19.415532425940754 4.71629644942 -3.3345661928 3.4221481275 -0.649160243486
19.455564451561248 4.56573927395 -4.17412034627 3.39813790144 -0.552304114506
19.495596477181746 4.38323383557 -4.92881789655 3.37775720657 -0.468257017818
19.535628502802243 4.17237100515 -5.58978358541 3.36044637789 -0.399249035781
19.575660528422738 3.93700130343 -6.15286010682 3.3455693761 -0.346885070539
19.615692554043235 3.68105576209 -6.61805679483 3.33243602255 -0.31229670336
19.65572457966373 3.40839549924 -6.98871255966 3.32031695591 -0.296342337696
19.695756605284227 3.12269718 -7.27053205787 3.30845048798 -0.29981395129
19.735788630904725 2.8273781957 -7.47061154052 3.29604141614 -0.323619730745
19.77582065652522 2.52555873078 -7.5965690786 3.28225357411 -0.368915035236
19.815852682145717 2.22005555541 -7.65584042483 3.26619840769 -0.437168087321
19.85588470776621 1.9134003683 -7.65517017564 3.24692224173 -0.530155222815
19.89591673338671 1.60787411024 -7.60030484525 3.22339526411 -0.649886859327
19.935948759007207 1.30554994051 -7.49587269949 3.19450468114 -0.798470816394
19.9759807846277 1.00833762353 -7.34542776385 3.15905446135 -0.977922670533
20.0160128102482 0.718023376352 -7.15162795982 3.11577349827 -1.18993655738
20.056044835868693 0.43630039929 -6.91651444076 3.06333350651 -1.43563329272
20.09607686148919 0.164786904592 -6.64185510182 3.00037703689 -1.7153068948
20.13610888710969 -0.094970407726 -6.32951301654 2.92555532469 -2.02819542046
20.176140912730183 -0.34150726595 -5.98180128975 2.83757434105 -2.37230129986
20.21617293835068 -0.573466109225 -5.60177999663 2.73524658753 -2.74429133652
20.256204963971175 -0.789630401389 -5.19346006 2.6175448977 -3.13949777282
20.296236989591673 -0.988964794673 -4.76188441338 2.48365392955 -3.5520358805
20.33626901521217 -1.17065576004 -4.31307134039 2.33301452387 -3.97503918599
20.376301040832665 -1.33414714515 -3.8538231322 2.16535644848 -4.4009973691
20.416333066453163 -1.47916625803 -3.39142639153 1.9807167694 -4.82216417232
20.45636509207366 -1.60573510992 -2.93326393492 1.77943932599 -5.23100480183
20.496397117694155 -1.71416662041 -2.48641996067 1.56215851963 -5.62061267355
20.536429143314653 -1.80504496981 -2.05730026532 1.32976656099 -5.9850704545
20.576461168935147 -1.87919192372 -1.65132792903 1.0833682041 -6.31970780055
20.616493194555645 -1.93762312678 -1.27274242118 0.824227711475 -6.62123777155
20.656525220176142 -1.98149869899 -0.924519592903 0.553712888356 -6.88776505688
20.696557245796637 -2.0120730408 -0.608408513554 0.27324118544 -7.11867873578
20.736589271417134 -2.03064817837 -0.32506997546 -0.0157679767286 -7.31445142071
20.77662129703763 -2.03853425908 -0.0742912796782 -0.311931460922 -7.47637389111
20.816653322658127 -2.03701983377 0.144754172393 -0.613929152029 -7.60625823503
20.856685348278624 -2.02735267192 0.333225286361 -0.920518865887 -7.70613127184
20.89671737389912 -2.01073210323 0.492340547083 -1.2305390083 -7.77794802781
20.936749399519616 -1.9883117088 0.623128415317 -1.54290048358 -7.8233365764
20.97678142514011 -1.9612112848 0.726216643751 -1.85656924398 -7.84338781334
21.01681345076061 -1.93053632298 0.801669571348 -2.17054142125 -7.838496967
21.056845476381106 -1.89740291002 0.848880436959 -2.48381325257 -7.80826208177
21.0968775020016 -1.86296573774 0.866524720751 -2.79534815829 -7.75144416717
21.136909527622098 -1.82844664501 0.852581030558 -3.10404355883 -7.66599459267
21.176941553242592 -1.79516092384 0.804424016405 -3.40870016647 -7.54915359805
21.21697357886309 -1.76453835353 0.71899811081 -3.70799675372 -7.39762819942
21.257005604483588 -1.73813542685 0.59307399287 -4.00047385936 -7.20785092813
21.297037630104082 -1.71763597585 0.423582584677 -4.2845291274 -6.97631356712
21.33706965572458 -1.70483682347 0.208021128632 -4.55842755686 -6.69996971487
21.377101681345078 -1.70161612848 -0.0550934915264 -4.82032883456 -6.37668005788
21.417133706965572 -1.70988322912 -0.365761590104 -5.06833272183 -6.00566155639
21.45716573258607 -1.73151057295 -0.722074542455 -5.30054165819 -5.58789207841
21.497197758206564 -1.76825024579 -1.11988290049 -5.51513772413 -5.12641137719
21.537229783827062 -1.8216400671 -1.55261560314 -5.71046858691 -4.62645997201
21.57726180944756 -1.89290620539 -2.01129636668 -5.88513499175 -4.09540859175
21.617293835068054 -1.98287087123 -2.4847745788 -6.03807078266 -3.54246119505
21.65732586068855 -2.09187334389 -2.96016240902 -6.16860671993 -2.97814161534
21.697357886309046 -2.21971197418 -3.42343092793 -6.27651014713 -2.41361624877
21.737389911929544 -2.3656119991 -3.8600932001 -6.36199564012 -1.85993344429
21.77742193755004 -2.52822103845 -4.25588998308 -6.42570514942 -1.32727682445
21.817453963170536 -2.7056308408 -4.59739901318 -6.46866005283 -0.824328294422
21.857485988791034 -2.89542070825 -4.87251387678 -6.49219139547 -0.357813234064
21.897518014411528 -3.09471748648 -5.07076678126 -6.49785591041 0.0677255270071
21.937550040032026 -3.30026498477 -5.18351623097 -6.48734818745 0.449932599569
21.977582065652523 -3.50849917968 -5.20403467826 -6.46241630808 0.788445829678
22.017614091273018 -3.71562582455 -5.12755352034 -6.4247883427 1.08456195992
22.057646116893515 -3.91769984066 -4.95131837448 -6.37611401559 1.34082679942
22.09767814251401 -4.11070780176 -4.67469113512 -6.31792324246 1.5606137614
22.137710168134507 -4.29065564276 -4.29930695004 -6.2516008127 1.74774022725
22.177742193755005 -4.45366346493 -3.8292676463 -6.17837510944 1.90615864347
22.2177742193755 -4.59606807906 -3.27132416607 -6.09931737949 2.03973826692
22.257806244995997 -4.71453155252 -2.63498308574 -6.01534792309 2.15213683605
22.29783827061649 -4.80615128542 -1.93246890783 -5.9272458428 2.24674839796
22.33787029623699 -4.86856498109 -1.17848429566 -5.83565962728 2.32670673385
22.377902321857487 -4.90004103187 -0.389741070596 -5.74111699091 2.39491759736
22.41793434747798 -4.89954584771 0.415726047731 -5.64403323939 2.45410056856
22.45796637309848 -4.86678023689 1.2194197856 -5.54471791065 2.50682342107
22.497998398718977 -4.80217895124 2.00332163834 -5.44338045913 2.55552093089
22.53803042433947 -4.70687305422 2.75081682434 -5.34013544882 2.60249779891
22.57806244995997 -4.58261685442 3.44749363016 -5.23500792311 2.64992035057
22.618094475580463 -4.43168727705 4.08173932642 -5.12793918099 2.69980331803
22.65812650120096 -4.25676391788 4.64507802524 -5.01879311426 2.75399815967
22.69815852682146 -4.06080131931 5.132244385 -4.90736288576 2.81418580368
22.738190552441953 -3.84690291861 5.5410179691 -4.79337783156 2.88187414286
22.77822257806245 -3.61820574931 5.87187073191 -4.67651038997 2.95839789822
22.818254603682945 -3.37778178825 6.127495552 -4.55638305533 3.04491700502
22.858286629303443 -3.12855945151 6.31228162366 -4.43257548055 3.14241018673
22.89831865492394 -2.87326620758 6.43179727926 -4.30463197767 3.25166144431
22.938350680544435 -2.61439095204 6.49232145537 -4.17206970719 3.37323929623
22.978382706164933 -2.3541637026 6.50045071529 -4.03438781581 3.50747043087
23.018414731785427 -2.0945492946 6.46279328775 -3.89107769192 3.65441102792
23.058446757405925 -1.8372514737 6.38574885169 -3.74163433914 3.81382001476
23.098478783026422 -1.58372444416 6.27536533751 -3.58556871859 3.98513826826
23.138510808646917 -1.33518922641 6.13725872413 -3.42242074489 4.16747743991
23.178542834267414 -1.0926510634 5.97657936874 -3.25177252034 4.35962361953
23.21857485988791 -0.85691826722 5.79800381574 -3.07326085682 4.56005591356
23.258606885508406 -0.628621349016 5.60575337411 -2.88658910983 4.76697953126
23.298638911128904 -0.408230536913 5.40361502448 -2.6915372728 4.97837551075
23.3386709367494 -0.196072766521 5.19496061641 -2.48796950286 5.19206147342
23.378702962369896 0.00765201196117 4.98276899875 -2.27583949594 5.40576114862
23.41873498799039 0.202855524803 4.76963876245 -2.05519276225 5.61717999091
23.45876701361089 0.389545967328 4.55779678401 -1.82616572197 5.82407576923
23.498799039231386 0.567813416529 4.34910698381 -1.58898237698 6.02432903974
23.53883106485188 0.737815410994 4.14507725739 -1.34394813045 6.21600101358
23.578863090472378 0.899762711548 3.94687038195 -1.09144142985 6.3973796366
23.618895116092876 1.05390677348 3.75531867518 -0.831904803316 6.56700828244
23.65892714171337 1.20052498405 3.5709484256 -0.565832897476 6.72370618075
23.698959167333868 1.33991080494 3.39400937386 -0.293762535391 6.86656159915
23.738991192954362 1.47236268648 3.22451311707 -0.0162617956976 6.99491902127
23.77902321857486 1.59817546825 3.06227853587 0.266079728737 7.1083507221
23.819055244195358 1.71763389831 2.90698043338 0.552659033696 7.20662026437
23.859087269815852 1.83100733874 2.75820768098 0.84286719382 7.28963448465
23.89911929543635 1.93854830969 2.61551609415 1.13609315484 7.35739550223
23.939151321056844 2.04049172694 2.47848653124 1.43172712848 7.40994787896
23.979183346677342 2.13705707719 2.34677737891 1.72916108582 7.4473281333
24.01921537229784 2.2284525106 2.22017496026 2.02778746359 7.46951500902
24.059247397918334 2.31488109448 2.09864461693 2.32699600379 7.47637771369
24.09927942353883 2.39654858798 1.98235998879 2.62616829547 7.46764333264
24.139311449159326 2.47367243526 1.87173541946 2.92467154405 7.44285962187
24.179343474779824 2.54649178416 1.76744219423 3.22185084631 7.40137108922
24.21937550040032 2.61527787169 1.67041221628 3.51702075287 7.34230517903
24.259407526020816 2.68034428685 1.58182635541 3.809456506 7.26457089815
24.299439551641314 2.74205642928 1.50308335597 4.0983854801 7.16687346832
24.339471577261808 2.80083923578 1.43574921824 4.38297963616 7.04774581432
24.379503602882306 2.85718256284 1.38148484668 4.66234953376 6.90559909385
24.419535628502803 2.91164291438 1.34194841236 4.93554097318 6.73879584158
24.459567654123298 2.96484134479 1.31867985539 5.2015346291 6.54574006088
24.499599679743795 3.0174558573 1.31296102598 5.4592499858 6.32499035117
24.539631705364293 3.07020808576 1.32566339314 5.70755400435 6.07538599748
24.579663730984787 3.12384369533 1.3570880913 5.94527502326 5.7961820683
24.619695756605285 3.17910646212 1.40681027317 6.17122205301 5.48718308488
24.65972778222578 3.23670602598 1.47354207134 6.38420953119 5.14886267049
24.699759807846277 3.29728153223 1.55502787597 6.58308572981 4.78245659326
24.739791833466775 3.36136141842 1.64798812607 6.7667646133 4.39001550072
24.77982385908727 3.42932221314 1.74812577683 6.93425874546 3.97440525089
24.819855884707767 3.50134942672 1.85020256815 7.08471070287 3.53924971256
24.85988791032826 3.57740238571 1.94819195207 7.21742148849 3.08881239271
24.89991993594876 3.65718708533 2.03550034661 7.33187273205 2.62782672241
24.939951961569257 3.74013869061 2.10525313103 7.42774161589 2.16128221428
24.97998398718975 3.82541684123 2.15062043978 7.50490637197 1.69419107007
25.02001601281025 3.91191453566 2.16515924318 7.56344231907 1.23135776376
25.060048038430743 3.99828028938 2.14315621683 7.60360938555 0.777166477398
25.10008006405124 4.08295391527 2.07994263284 7.62583159674 0.335409333393
25.14011208967174 4.16421362192 1.97215655842 7.63067094882 -0.090830301497
25.180144115292233 4.24023286034 1.81794519463 7.61879747331 -0.499239437574
25.22017614091273 4.30914293896 1.61708765063 7.59095839761 -0.888279413788
25.260208166533225 4.36910009085 1.37103780463 7.54794759551 -1.25714157042
25.300240192153723 4.41835155875 1.08288217297 7.49057807954 -1.60566639347
25.34027221777422 4.45529894611 0.75721142912 7.4196578734 -1.93423620247
25.380304243394715 4.47855481863 0.399931203623 7.3359708166 -2.24366321964
25.420336269015213 4.48698979173 0.0179922994755 7.24026162171 -2.53507041704
25.460368294635707 4.47976875502 -0.380916847861 7.13322559902 -2.80978473497
25.500400320256205 4.45637345046 -0.788712134094 7.01550247332 -3.06924212194
25.540432345876702 4.41661128158 -1.19726450293 6.88767365728 -3.31490826711
25.580464371497197 4.36061027644 -1.5987391495 6.75026238118 -3.54821495723
25.620496397117694 4.28880095078 -1.98590311932 6.60373608588 -3.7705110261
25.660528422738192 4.20188728758 -2.35238007439 6.44851044921 -3.98302655964
25.700560448358686 4.10080746137 -2.69285021127 6.28495479561 -4.18684698578
25.740592473979184 3.9866896828 -3.00316684429 6.11339812075 -4.38289802936
25.78062449959968 3.86080359372 -3.28041180391 5.93413572039 -4.5719369485
25.820656525220176 3.72451101842 -3.52287998198 5.74743601871 -4.75455067467
25.860688550840674 3.57921899586 -3.73000890648 5.55354728372 -4.93115934806
25.90072057646117 3.42633650228 -3.90226271738 5.35270410744 -5.10202463972
25.940752602081666 3.26723530035 -4.04098252981 5.1451336548 -5.26726250423
25.98078462770216 3.103219047 -4.14822519879 4.93106103559 -5.4268590055
26.020816653322658 2.93549766697 -4.22659329718 4.7107141679 -5.58068906239
26.060848678943156 2.76516745637 -4.27906068644 4.48432809091 -5.72853848131
26.10088070456365 2.59320198665 -4.30883536269 4.25214764163 -5.8701247311
26.140912730184148 2.42044370261 -4.31921809249 4.01443001058 -6.00511942794
26.180944755804642 2.24760303942 -4.313491146 3.77144606961 -6.13316948184
26.22097678142514 2.07526100968 -4.29482854666 3.52348098858 -6.25391651718
26.261008807045638 1.90387459494 -4.26622407967 3.2708341719 -6.36701391392
26.301040832666132 1.73378564438 -4.23044628393 3.01381837516 -6.47214009613
26.34107285828663 1.56523019485 -4.19000493472 2.7527585651 -6.56900873552
26.381104883907124 1.39834926122 -4.14713480989 2.48799035541 -6.65737514127
26.421136909527622 1.23320000807 -4.10379151592 2.21985826407 -6.73703911234
26.46116893514812 1.06976683006 -4.06165672302 1.94871393474 -6.80784450901
26.501200960768614 0.907972080266 -4.02215015355 1.6749144302 -6.86967601138
26.54123298638911 0.747686239331 -3.98644524276 1.39882070339 -6.92245409284
26.58126501200961 0.588737509133 -3.95548668116 1.12079626234 -6.96612883045
26.621297037630104 0.430920534767 -3.93001074355 0.841206133952 -7.00067202054
26.6613290632506 0.274004280607 -3.91056153176 0.56041619479 -7.02607041667
26.701361088871096 0.117739574506 -3.8975061587 0.278792639675 -7.04231934888
26.741393114491594 -0.038134076384 -3.89104721762 -0.0032982475321 -7.04941711831
26.78142514011209 -0.193882195642 -3.89122968724 -0.285490076176 -7.04736169527
26.821457165732586 -0.349768984401 -3.89794494568 -0.567416349652 -7.03614876057
26.861489191353083 -0.506051226421 -3.91093117978 -0.848710348413 -7.01577122774
26.901521216973578 -0.662972073099 -3.92976495751 -1.12900504211 -6.98622274249
26.941553242594075 -0.820754354581 -3.95385570956 -1.40793321929 -6.94749990578
26.981585268214573 -0.979593703796 -3.98243158511 -1.68512767931 -6.89960818407
27.021617293835067 -1.13965098546 -4.01452533476 -1.96022171792 -6.84256777166
27.061649319455565 -1.30104409764 -4.04895828393 -2.23284985391 -6.77642012047
27.10168134507606 -1.46383924181 -4.08432490086 -2.50264879164 -6.70123410207
27.141713370696557 -1.62804176875 -4.11897976114 -2.76925861397 -6.61711109498
27.181745396317055 -1.79358614883 -4.15102777576 -3.03232417908 -6.52418880467
27.22177742193755 -1.96032589459 -4.17832134799 -3.29149661358 -6.42264262477
27.261809447558047 -2.12802346163 -4.19846675704 -3.54643481823 -6.31268413774
27.30184147317854 -2.29634086694 -4.20884157125 -3.79680681369 -6.19455656973
27.34187349879904 -2.46483135026 -4.20662656025 -4.04229081806 -6.06852685939
27.381905524419537 -2.63293198611 -4.18885375359 -4.28257604737 -5.93487444134
27.42193755004003 -2.79995919477 -4.1524682837 -4.51736295053 -5.79387778666
27.46196957566053 -2.965106491 -4.0944291456 -4.7463627935 -5.6457944557
27.502001601281023 -3.12744782244 -4.0118024576 -4.96929645177 -5.49084482743
27.54203362690152 -3.28594390652 -3.90189182105 -5.18589252896 -5.32919096684
27.58206565252202 -3.43945460601 -3.76237831051 -5.39588460693 -5.16091642181
27.622097678142513 -3.58675634567 -3.5914675435 -5.59900783348 -4.98600704
27.66212970376301 -3.72656797669 -3.38805668972 -5.79499431341 -4.80433141609
27.70216172938351 -3.85758011737 -3.15187064067 -5.98356835501 -4.61562701727
27.742193755004003 -3.97849091593 -2.88359255196 -6.16444096386 -4.41948805805
27.7822257806245 -4.08804685215 -2.58496541339 -6.33730389323 -4.21535767774
27.822257806244995 -4.18508645592 -2.25884916379 -6.50182351831 -4.00252515871
27.862289831865493 -4.26858526706 -1.9092246196 -6.65763472532 -3.78012923229
27.90232185748599 -4.33769979406 -1.5411362112 -6.80433506664 -3.54716833141
27.942353883106485 -4.39180786473 -1.16056864139 -6.94147948671 -3.3025192204
27.982385908726982 -4.43054271047 -0.774264428647 -7.06857597504 -3.04496484063
28.022417934347477 -4.45381870311 -0.389481517428 -7.18508255802 -2.77323364757
28.062449959967974 -4.46184635235 -0.0137074401581 -7.29040611659 -2.48605158777
28.102481985588472 -4.45513531669 0.345655141534 -7.38390353741 -2.18220792816
28.142514011208966 -4.43448447227 0.681610254854 -7.46488583827 -1.86063482722
28.182546036829464 -4.40095936765 0.987882238605 -7.5326256612 -1.52049958418
28.22257806244996 -4.35585761658 1.25919826808 -7.58636869219 -1.16130611603
28.262610088070456 -4.3006637987 1.49152415539 -7.62534924954 -0.783000054963
28.302642113690954 -4.23699613382 1.68223886305 -7.64881002522 -0.386069016971
28.34267413931145 -4.16654765887 1.83023834271 -7.65602552394 0.0283722630309
28.382706164931946 -4.09102467846 1.93596132463 -7.64632846581 0.458523107907
28.42273819055244 -4.01208581158 2.00133570059 -7.61913781488 0.901875696633
28.462770216172938 -3.93128474625 2.02964805422 -7.57398674916 1.35524012871
28.502802241793436 -3.85001963563 2.02534383271 -7.51054861597 1.81482043885
28.54283426741393 -3.76949171927 1.99377091764 -7.42865879149 2.27634048068
28.582866293034428 -3.69067490851 1.94088176173 -7.32833077135 2.73521316162
28.622898318654922 -3.61429805336 1.87291761317 -7.20976456799 3.18673918662
28.66293034427542 -3.54083961881 1.79609395801 -7.07334705032 3.62631861311
28.702962369895918 -3.47053469272 1.71631070309 -6.91964377609 4.04965583438
28.742994395516412 -3.40339268434 1.63890548151 -6.74938311583 4.45293973704
28.78302642113691 -3.3392238482 1.56846478602 -6.56343388539 4.83298391005
28.823058446757408 -3.27767200265 1.50870096576 -6.36277837747 5.18731719818
28.863090472377902 -3.21825091411 1.46239656084 -6.14848276079 5.51422120647
28.9031224979984 -3.16038157528 1.43141156711 -5.92166704865 5.81271687722
28.943154523618894 -3.10342800798 1.41674437716 -5.6834765707 6.08250716847
28.98318654923939 -3.04672989961 1.41863317332 -5.43505633832 6.32388713976
29.02321857485989 -2.98963047795 1.43668478032 -5.17752954959 6.53763239672
29.063250600480384 -2.93149898278 1.47001662084 -4.91198075313 6.72487846442
29.10328262610088 -2.87174735926 1.51740142765 -4.63944385762 6.88700007586
29.143314651721376 -2.80984127116 1.57740442331 -4.36089484474 7.02549906638
29.183346677341873 -2.74530588727 1.64850613516 -4.07724869636 7.1419065198
29.22337870296237 -2.67772714863 1.72920687734 -3.78935986922 7.23770206718
29.263410728582866 -2.60674914988 1.81811125462 -3.49802572239 7.31425138381
29.303442754203363 -2.53206870362 1.91399218972 -3.20399196388 7.37276155305
29.343474779823858 -2.45342764019 2.01583469269 -2.90795962014 7.41425376186
29.383506805444355 -2.37060369395 2.12286084371 -2.61059280535 7.43955161001
29.423538831064853 -2.28340080977 2.2345392427 -2.31252662539 7.44928193676
29.463570856685347 -2.19163932928 2.35058014591 -2.01437484443 7.44388705967
29.503602882305845 -2.09514662932 2.4709184534 -1.71673685774 7.42364651297
29.54363490792634 -1.99374862298 2.59568666892 -1.42020366055 7.38870652424
29.583666933546837 -1.88726250738 2.72517982847 -1.12536251831 7.33911561378
29.623698959167335 -1.77549120296 2.85981036759 -0.832799903883 7.27486780308
29.66373098478783 -1.65821949875 3.00006425937 -0.54310296808 7.19594439779
29.703763010408327 -1.53521212132 3.14644799901 -0.256859070298 7.1023622176
29.743795036028825 -1.40621398794 3.299435448 0.0253465968328 6.99422072778
29.78382706164932 -1.27095260915 3.45941398487 0.302935264881 6.871747898
29.823859087269817 -1.12914259581 3.62663243329 0.575340550726 6.73534146306
29.86389111289031 -0.980492208144 3.80115100106 0.842016011848 6.58560514834
29.90392313851081 -0.824711847799 3.98279628374 1.10244397246 6.4233753758
29.943955164131307 -0.661524198719 4.17112161097 1.35614516576 6.24973731772
29.9839871897518 -0.490675829268 4.36537375568 1.60268879701 6.0660282862
30.0240192153723 -0.311950045944 4.56446640232 1.8417025151 5.87382679536
30.064051240992793 -0.125180708725 4.76696005142 2.07288156635 5.67492616589
30.10408326661329 0.0697333618843 4.97104626865 2.29599666037 5.47129555967
30.14411529223379 0.272813414676 5.17453515816 2.510900026 5.26502877497
30.184147317854283 0.483985193316 5.37484456007 2.71752926276 5.05828204071
30.22417934347478 0.703063015246 5.56898807832 2.91590832848 4.85320629762
30.264211369095275 0.929733297462 5.7535605738 3.1061460383 4.65187841719
30.304243394715773 1.16353740487 5.92472093502 3.28843151632 4.45623577835
30.34427542033627 1.40385402654 6.07817510047 3.46302803297 4.2680161903
30.384307445956765 1.64988068637 6.20916134151 3.63026366529 4.08870889167
30.424339471577262 1.90061490009 6.31244359136 3.79052075648 3.91951632394
30.464371497197757 2.15483523118 6.38233225893 3.94422313333 3.76133871284
30.504403522818254 2.41108388645 6.41273056338 4.09182379221 3.61476560402
30.544435548438752 2.66765235023 6.39722350902 4.23379442511 3.48007336755
30.584467574059246 2.92257185712 6.32925065441 4.37061115193 3.35725059419
30.624499599679744 3.17361167643 6.20232819547 4.50274429036 3.24601482926
30.66453162530024 3.41828807839 6.01036298139 4.63064794808 3.14583692125
30.704563650920736 3.65388772625 5.74805106759 4.75475042201 3.05596604809
30.744595676541234 3.877508357 5.41133892212 4.87544589033 2.97544809708
30.78462770216173 4.08611869266 4.99792775336 4.99308648324 2.90313925235
30.824659727782226 4.27663904105 4.50777324245 5.1079748951 2.83771372855
30.864691753402724 4.44604056711 3.94352324443 5.22035717246 2.77766756267
30.904723779023218 4.59145964768 3.31083359365 5.33041563051 2.72132129111
30.944755804643716 4.71032210579 2.61848723034 5.43826191355 2.66682413072
30.98478783026421 4.80046645677 1.87828725293 5.54393024329 2.61216175604
31.024819855884708 4.86025858943 1.10469552708 5.64737110046 2.5551659825
31.064851881505206 4.88868687195 0.314228835319 5.74844524856 2.49352379648
31.1048839071257 4.88542876849 -0.475337352303 5.84691802674 2.42478043196
31.144915932746198 4.85088370862 -1.24586245124 5.94245355067 2.34633099904
31.184947958366692 4.78616946561 -1.9797471262 6.03460830884 2.25539860767
31.22497998398719 4.69308366845 -2.66074883143 6.12282364604 2.14900163507
31.265012009607688 4.57403585208 -3.2746307288 6.20641687427 2.02392013787
31.305044035228182 4.4319576178 -3.80960014207 6.2845713019 1.87667846608
31.34507606084868 4.27019979958 -4.25653992817 6.35632621812 1.7035642352
31.385108086469174 4.09242341831 -4.6090389626 6.42056876631 1.50071019933
31.42514011208967 3.9024934288 -4.86331270886 6.47603069467 1.26425211912
31.46517213771017 3.70437622793 -5.01804778489 6.52129308587 0.99057603482
31.505204163330664 3.50204412694 -5.07423877111 6.55480273861 0.676648460792
31.54523618895116 3.2993856878 -5.0350553066 6.5749030868 0.320406891173
31.585268214571656 3.10012063571 -4.90575168406 6.57988133064 -0.0788282504373
31.625300240192153 2.90771769802 -4.69360150538 6.56803156616 -0.51997700634
31.66533226581265 2.7253152307 -4.40781990416 6.53773122655 -0.999919632306
31.705364291433145 2.55564603378 -4.05942300973 6.48752581028 -1.513374328
31.745396317053643 2.40096978553 -3.6609768895 6.41621455991 -2.0529790575
31.78542834267414 2.26301844615 -3.22620402246 6.32292830901 -2.60959989332
31.825460368294635 2.14296015371 -2.76945043091 6.20719074175 -3.1728435448
31.865492393915133 2.04138684581 -2.30504412994 6.06895581478 -3.73172801315
31.905524419535627 1.95832867986 -1.84660986176 5.90861651427 -4.27542625348
31.945556445156125 1.8932954676 -1.40641669843 5.72698395378 -4.79399194723
31.985588470776623 1.84534222097 -0.994843976105 5.52523929073 -5.27896879277
32.02562049639712 1.81315260696 -0.620020323645 5.30486486065 -5.72382210753
32.065652522017615 1.79513284838 -0.287672111915 5.06756218617 -6.12415114795
32.10568454763811 1.78950740825 -0.00117836620538 4.81516601124 -6.47768354394
32.1457165732586 1.79440887048 0.23819569932 4.54956238651 -6.78407981042
32.1857485988791 1.80795548375 0.430938494297 4.27261778543 -7.04460096899
32.2257806244996 1.8283130194 0.578856182199 3.98612295945 -7.26169188444
32.2658126501201 1.85373834954 0.684619174457 3.69175445518 -7.43854011747
32.305844675740595 1.88260529852 0.751332445738 3.39105347353 -7.57865333148
32.34587670136109 1.91341431458 0.782161526736 3.08542069637 -7.68548846308
32.38590872698158 1.94478864244 0.780028631427 2.77612457189 -7.76214818341
32.42594075260208 1.97545976747 0.747391512466 2.46432032567 -7.81115801118
32.46597277822258 2.00424575691 0.686100067376 2.15107619656 -7.83431965781
32.506004803843076 2.03002533168 0.597327592149 1.8374040885 -7.83263805673
32.546036829463574 2.05171050116 0.481572007004 1.52429184074 -7.80631789918
32.586068855084065 2.06822065684 0.338719944825 1.21273422697 -7.75482326595
32.62610088070456 2.07846031205 0.168164145923 0.903760453857 -7.67699186272
32.66613290632506 2.08130254394 -0.0310268646226 0.598456051784 -7.57120435513
32.70616493194556 2.07558008795 -0.259897807282 0.297977029547 -7.43559938396
32.746196957566056 2.06008562669 -0.519364931847 0.0035545475201 -7.26832617617
32.78622898318655 2.03358201807 -0.809956480938 -0.283510946269 -7.06782368309
32.826261008807045 1.99482306308 -1.13155595638 -0.561867125538 -6.83310789907
32.86629303442754 1.94258405379 -1.48317097827 -0.830138433067 -6.56404548533
32.90632506004804 1.87570062815 -1.86275431182 -1.08696497569 -6.26158691951
32.94635708566854 1.79311336252 -2.26710229343 -1.33104951772 -5.927931748
32.98638911128903 1.69391448408 -2.69185239312 -1.56120927233 -5.5665994747
33.026421136909526 1.57739238738 -3.13159075657 -1.77642822149 -5.18238816327
33.066453162530024 1.44306985204 -3.58006509399 -1.97590557306 -4.78121661695
33.10648518815052 1.29073184311 -4.03048626021 -2.1590956304 -4.36985658942
33.14651721377102 1.12043995098 -4.47588452751 -2.32573506263 -3.95557960691
33.18654923939151 0.932532226433 -4.9094771753 -2.47585495823 -3.54575450373
33.22658126501201 0.727608869069 -5.32499950793 -2.60977649768 -3.14743952264
33.266613290632506 0.506506272834 -5.71695792197 -2.72809107167 -2.76701136081
33.306645316253004 0.270262357615 -6.08076956118 -2.83162620584 -2.40986935531
33.3466773418735 0.020080121613 -6.41277999182 -2.92140285747 -2.08023764566
33.38670936749399 -0.242708223734 -6.7101534121 -2.99858577927 -1.78107620249
33.42674139311449 -0.516669873012 -6.97065471076 -3.06443302217 -1.51409883348
33.46677341873499 -0.800289501549 -7.19235503008 -3.12024814983 -1.27987943148
33.506805444355486 -1.09197533658 -7.37329146625 -3.16733752242 -1.07802817623
33.54683746997598 -1.39005049467 -7.5111217665 -3.20697626427 -0.907411196269
33.586869495596474 -1.69273128023 -7.60281442394 -3.24038331031 -0.766386506184
33.62690152121697 -1.99809484113 -7.64440663112 -3.26870543328 -0.653037569421
33.66693354683747 -2.30403850224 -7.63086985254 -3.29301080543 -0.565381346058
33.70696557245797 -2.6082367575 -7.55611140415 -3.31428975905 -0.501538253756
33.746997598078465 -2.9081014593 -7.41314249095 -3.33346148683 -0.459849981907
33.787029623698956 -3.20075231519 -7.19443385452 -3.35138430513 -0.438936461266
33.827061649319454 -3.48300569312 -6.89246803662 -3.36886682367 -0.437687102546
33.86709367493995 -3.7513892652 -6.50047775805 -3.38667744843 -0.455186022736
33.90712570056045 -4.00218950165 -6.0133331276 -3.40554965171 -0.490577841024
33.94715772618095 -4.23153630523 -5.42850382368 -3.42618096633 -0.542890624966
33.98718975180144 -4.43552578606 -4.74698949391 -3.44922448942 -0.610841504013
34.027221777421936 -4.61037804055 -3.97407889898 -3.47527266867 -0.69265941453
34.06725380304243 -4.7526187641 -3.11979452959 -3.5048351297 -0.785963048381
34.10728582866293 -4.85927051832 -2.19889416039 -3.53831321172 -0.887727023473
34.14731785428343 -4.92803370485 -1.2303531492 -3.57597529795 -0.994356328486
34.18734987990392 -4.95743662675 -0.236341248143 -3.61793724953 -1.10186484803
34.22738190552442 -4.94693539409 0.759212667773 -3.66415175716 -1.20613153767
34.267413931144915 -4.89695174662 1.73227461145 -3.71440857893 -1.30318331243
34.30744595676541 -4.8088439528 2.66035635185 -3.7683457007 -1.3894481305
34.34747798238591 -4.68481525955 3.52393189163 -3.82546916341 -1.46192419535
34.38751000800641 -4.52777387871 4.30743670895 -3.88517729231 -1.51823050432
34.4275420336269 -4.34116218157 4.99975952512 -3.94678449789 -1.55653093969
34.4675740592474 -4.12877867798 5.59422277271 -4.0095396049 -1.57535360171
34.507606084867895 -3.89460758697 6.08813459826 -4.0726357536 -1.57334103141
34.54763811048839 -3.6426727027 6.48202763506 -4.13520952001 -1.54898001263
34.58767013610889 -3.37692759762 6.7787646557 -4.19632992535 -1.50036784824
34.62770216172938 -3.10117820375 6.98260078911 -4.25497881919 -1.42504158884
34.66773418734988 -2.81904733079 7.09840632058 -4.31002726918 -1.3199259599
34.70776621297038 -2.53396100849 7.13103586938 -4.36021169841 -1.18138970378
34.747798238590875 -2.24915805531 7.08494574343 -4.40411502686 -1.00543473639
34.78783026421137 -1.96770933273 6.96404775287 -4.44015745005 -0.788002213794
34.82786228983186 -1.69253960989 6.77182379242 -4.46660257929 -0.525397101194
34.86789431545236 -1.4264372176 6.51159509372 -4.48158137618 -0.214764129403
34.90792634107286 -1.1720544736 6.18696842816 -4.48313590304 0.14538639299
34.947958366693356 -0.931884958449 5.80232147515 -4.46928414309 0.554697802812
34.987990392313854 -0.708223684559 5.36327920201 -4.43810205627 1.01057614996
35.028022417934345 -0.503109315281 4.87706841846 -4.38781819537 1.50797231741
35.06805444355484 -0.318256064043 4.35267948344 -4.31691270219 2.03938896798
35.10808646917534 -0.154983983368 3.80077421419 -4.22421080728 2.59515049262
35.14811849479584 -0.0141583921384 3.23333071048 -4.10896035188 3.16392440654
35.188150520416336 0.103851722977 2.66305222581 -3.97088408137 3.73345253964
35.22818254603683 0.199188112189 2.10262056031 -3.81019987696 4.29140160523
35.268214571657325 0.272486474874 1.56390148004 -3.62760639018 4.82622382693
35.30824659727782 0.324828844623 1.05721850076 -3.42423590252 5.32791524526
35.34827862289832 0.35767002085 0.59079699596 -3.2015804976 5.78857807226
35.38831064851882 0.372746310915 0.170444169687 -2.96140062984 6.20273153783
35.42834267413931 0.371976642521 -0.200513509108 -2.7056265859 6.56735892959
35.468374699759806 0.357366014704 -0.521055806302 -2.43626291269 6.88171814347
35.508406725380304 0.330919848775 -0.79210885161 -2.1553042596 7.14697152056
35.5484387510008 0.294575423676 -1.0160666311 -1.86466859811 7.36570311361
35.5884707766213 0.250153566924 -1.1962634005 -1.56615074949 7.54139233925
35.62850280224179 0.199331549397 -1.3364532867 -1.26139698377 7.67789879491
35.66853482786229 0.143635892515 -1.44034037894 -0.951899273713 7.77899965215
35.708566853482786 0.0844525842098 -1.51118471401 -0.639006651543 7.8480033985
35.748598879103284 0.0230512232449 -1.55149775016 -0.323950196236 7.88745217299
35.78863090472378 -0.0393804117078 -1.56282900625 -0.00787820312375 7.89891361841
35.82866293034427 -0.101695183618 -1.54564289438 0.308102201492 7.88286073598
35.86869495596477 -0.162742049023 -1.49928343409 0.622880153006 7.8386372415
35.90872698158527 -0.22132200938 -1.42202575902 0.935296614477 7.76450720241
35.948759007205766 -0.276147794195 -1.311215656 1.24410355171 7.65779034432
35.98879103282626 -0.325811019575 -1.16349951305 1.54793037023 7.51508567896
36.028823058446754 -0.36876008858 -0.97514558423 1.84526081331 7.33258488942
36.06885508406725 -0.403293232106 -0.742452453933 2.13442466001 7.10647246527
36.10888710968775 -0.427569037842 -0.462229455699 2.41360660011 6.83339867158
36.14891913530825 -0.439637441581 -0.132321140913 2.68087531429 6.51099936355
36.188951160928745 -0.437491271147 0.247872742444 2.93423303022 6.13841614431
36.228983186549236 -0.419138566081 0.676934865846 3.17168595264 5.71676524468
36.269015212169734 -0.382690114233 1.15110310303 3.39133033641 5.24947804974
36.30904723779023 -0.326456887114 1.66413746747 3.5914490871 4.74245244385
36.34907926341073 -0.249047854937 2.20743016686 3.77060950228 4.20396137877
36.38911128903123 -0.149458238407 2.77037320975 3.92775208388 3.64429662242
36.42914331465172 -0.0271383690961 3.34095196984 4.06226010075 3.0751693881
36.469175340272216 0.117964609891 3.90649224977 4.1740012443 2.50893003237
36.50920736589271 0.285396283671 4.45445545721 4.26333602107 1.95770399548
36.54923939151321 0.474215348462 4.97316446955 4.33109176093 1.43255783821
36.58927141713371 0.683039877362 5.45235610908 4.37850566752 0.942802430987
36.62930344275421 0.910110974084 5.88348963694 4.40714412151 0.495513949263
36.6693354683747 1.15336346941 6.25979011535 4.41880792615 0.0953098878859
36.709367493995195 1.4104932688 6.57604073103 4.41543363208 -0.255613321054
36.74939951961569 1.67901236483 6.82819803979 4.39900118726 -0.557232841782
36.78943154523619 1.95628622937 7.01290069542 4.3714545937 -0.811290452235
36.82946357085669 2.23955106613 7.12696900841 4.33464091056 -1.02079905183
36.86949559647718 2.52591214304 7.16697873013 4.29026970663 -1.18952846423
36.90952762209768 2.81232774381 7.12898282359 4.23989263499 -1.3215280405
36.949559647718175 3.095586008 7.00843306588 4.18490041811 -1.4207275169
36.98959167333867 3.37228322626 6.80033999628 4.12653395996 -1.49064562427
37.02962369895917 3.63881361507 6.49967920697 4.06590455773 -1.53422090555
37.06965572457966 3.8913793683 6.1020245409 4.0040183352 -1.55376583239
37.10968775020016 4.12603130428 5.60438398964 3.94180042645 -1.55104945051
37.14971977582066 4.33874490001 5.00612653123 3.88011313756 -1.52747391029
37.189751801441155 4.52553281916 4.30989711602 3.81976589525 -1.48432033477
37.22978382706165 4.6825923081 3.52238056663 3.76151467021 -1.42302561211
37.26981585268214 4.80647738727 2.65475549588 3.70605047019 -1.34543503764
37.30984787830264 4.89428060953 1.72270661734 3.65397909848 -1.25398163531
37.34987990392314 4.94380505691 0.745916187059 3.60579585367 -1.15175305952
37.389911929543636 4.9537055683 -0.252960505772 3.56186013194 -1.04242813573
37.429943955164134 4.92357980346 -1.24973633786 3.5223751524 -0.930092383788
37.469975980784625 4.85399634323 -2.22036177574 3.48737690036 -0.818971053543
37.51000800640512 4.74645558762 -3.14260124402 3.45673435923 -0.7131327222
37.55004003202562 4.60328745387 -3.99747550894 3.43016122268 -0.616225261886
37.59007205764612 4.42749851555 -4.77028315313 3.40723678561 -0.53129454821
37.630104083266616 4.22258884132 -5.45110264544 3.38743185717 -0.460713737222
37.67013610888711 3.99235946899 -6.0347779095 3.37013521572 -0.406223013095
37.710168134507605 3.74072948191 -6.5204536558 3.35467659424 -0.369061294005
37.7502001601281 3.47157899458 -6.91078839331 3.34034301134 -0.350155160798
37.7902321857486 3.18862672708 -7.21102577172 3.3263873216 -0.35031901309
37.8302642113691 2.89534628708 -7.4280095768 3.31202881597 -0.370442435674
37.87029623698959 2.59492028759 -7.56929392203 3.2964472724 -0.411628923515
37.910328262610086 2.29022740071 -7.64240282243 3.27877259658 -0.475273669296
37.950360288230584 1.98385520696 -7.6542797682 3.25807273522 -0.563072783594
37.99039231385108 1.67813110978 -7.61093720473 3.2333425926 -0.676964093278
38.03042433947158 1.37516343147 -7.51729617906 3.20349660811 -0.819004864914
38.07045636509207 1.07688547561 -7.37719343835 3.16736731788 -0.991195901182
38.11048839071257 0.78509639925 -7.19352874018 3.12371187293 -1.19526406401
38.150520416333066 0.501493862578 -6.96851862853 3.07122785818 -1.43241973697
38.190552441953564 0.227695107779 -6.70402113772 3.00857889148 -1.70310876708
38.23058446757406 -0.0347554555183 -6.40189420067 2.9344297309 -2.00678175712
38.27061649319455 -0.284393809128 -6.06434993707 2.84749033304 -2.34170842129
38.31064851881505 -0.519857214777 -5.69425896603 2.7465658208 -2.70486550201
38.35068054443555 -0.739914586875 -5.29537214378 2.63060846773 -3.09191567264
38.390712570056046 -0.943504726155 -4.8724308173 2.49876934287 -3.49729907458
38.43074459567654 -1.12977587792 -4.43114124075 2.35044320408 -3.91444102206
38.470776621297034 -1.29812162761 -3.97801921646 2.18530329927 -4.33606186257
38.51080864691753 -1.4482080937 -3.52011719487 2.00332184818 -4.75456593597
38.55084067253803 -1.579988952 -3.06467353312 1.80477473386 -5.16246709215
38.59087269815853 -1.69370471468 -2.61871962535 1.59022805286 -5.55281053153
38.630904723779025 -1.78986694609 -2.18870657921 1.36050947885 -5.9195386412
38.67093674939952 -1.86922843705 -1.7801902424 1.11666641735 -6.25776711583
38.710968775020014 -1.93274262427 -1.39761192361 0.859915435253 -6.56394507268
38.75100080064051 -1.98151645596 -1.04419219106 0.591587725209 -6.83589188929
38.79103282626101 -2.01676130087 -0.721941261125 0.313075459423 -7.07271651778
38.83106485188151 -2.0397465706 -0.431772991252 0.0257835779849 -7.27463949112
38.871096877502005 -2.05175939654 -0.173695762009 -0.268910078751 -7.44274845748
38.911128903122496 -2.0540731718 0.0529414906196 -0.56968381206 -7.5787110798
38.95116092874299 -2.04792649799 0.249178977927 -0.875289328583 -7.68447629354
38.99119295436349 -2.03451311166 0.416175949123 -1.18455711004 -7.76198688287
39.03122497998399 -2.01498214525 0.554960214352 -1.49639095158 -7.81292050979
39.07125700560449 -1.99044794246 0.666211959432 -1.80975273179 -7.83847169768
39.11128903122498 -1.96200748404 0.750092837402 -2.12363961865 -7.83918332347
39.151321056845475 -1.93076376921 0.806125481593 -2.43705542127 -7.81483101955
39.19135308246597 -1.89785280035 0.833133662058 -2.74897861319 -7.76436924936
39.23138510808647 -1.86447170253 0.829245670948 -3.05832942844 -7.68594061929
39.27141713370697 -1.83190532809 0.791969215634 -3.36393870627 -7.57695601542
39.31144915932746 -1.80154833008 0.718342792908 -3.66452145436 -7.4342500191
39.35148118494796 -1.77491946354 0.605168975783 -3.95865831341 -7.25431653707
39.391513210568455 -1.75366552016 0.449324451309 -4.24478743932 -7.03361901765
39.43154523618895 -1.73954994179 0.248153870693 -4.52121166954 -6.76898121828
39.47157726180945 -1.73442619019 -9.93358341979e-05 -4.78612069134 -6.45801104566
39.51160928742994 -1.74019220304 -0.295826842059 -5.03763178752 -6.09955413818
39.55164131305044 -1.75872695272 -0.637620179842 -5.27384781384 -5.69410944867
39.59167333867094 -1.7918108362 -1.02191253025 -5.4929303955 -5.24415897072
39.631705364291435 -1.84103426749 -1.44275714644 -5.69318357052 -4.75435023636
39.67173738991193 -1.90770098873 -1.89178979579 -5.87314092019 -4.23148307677
39.71176941553242 -1.99273407451 -2.35840319782 -6.0316477322 -3.68427245237
39.75180144115292 -2.0965931458 -2.83013093285 -6.16792922618 -3.12289153997
39.79183346677342 -2.21921062704 -3.29320404091 -6.28163667736 -2.55833625823
39.831865492393916 -2.35995268897 -3.73321537397 -6.37286570099 -2.00168407169
39.871897518014414 -2.51760747893 -4.1358093107 -6.44214441935 -1.46334133612
39.911929543634905 -2.69040022117 -4.48731659266 -6.49039275548 -0.952375290453
39.9519615692554 -2.87603156777 -4.77527137498 -6.51885806311 -0.476012207335
39.9919935948759 -3.07173363393 -4.98878126109 -6.52903494542 -0.0393495723751
40.0320256204964 -3.27433801269 -5.11875283607 -6.52257807587 0.354702185042
40.072057646116896 -3.48035035098 -5.15801017866 -6.50121699723 0.705276550748
40.11208967173739 -3.68602844358 -5.10135489134 -6.46667983075 1.0132513266
40.152121697357884 -3.8874624624 -4.94562163651 -6.4206310972 1.28085714881
40.19215372297838 -4.08065801274 -4.68976900615 -6.36462602891 1.51125778336
40.23218574859888 -4.26162376537 -4.33502053376 -6.30008108452 1.70815671713
40.27221777421938 -4.42646563322 -3.88504414943 -6.22825917184 1.87547006138
40.31224979983987 -4.57148830171 -3.34612872091 -6.15026641465 2.01708584167
40.352281825460366 -4.69330272108 -2.72729631973 -6.06705654027 2.13671337758
40.392313851080864 -4.78893570116 -2.04028361717 -5.97943966937 2.237812105
40.43234587670136 -4.85593533757 -1.29933721624 -5.88809271686 2.3235796501
40.47237790232186 -4.89246311155 -0.520775595034 -5.79356941972 2.39697808452
40.51240992794235 -4.8973652444 0.277648579758 -5.69630905209 2.46076997808
40.55244195356285 -4.87021292574 1.07758148478 -5.59664363146 2.51755472785
40.592473979183346 -4.81130903422 1.86098472513 -5.49480401891 2.56979059796
40.632506004803844 -4.72165809859 2.6110589949 -5.390925372 2.61980221399
40.67253803042434 -4.60289840849 3.31306928079 -5.28505250659 2.66977462222
40.71257005604484 -4.45720379362 3.95496221619 -5.17714573415 2.72174123248
40.75260208166533 -4.28717153455 4.52774841445 -5.06708721364 2.77757415132
40.79263410728583 -4.09569501215 5.02562539294 -4.95468751934 2.83897543628
40.832666132906326 -3.88583743873 5.4458497631 -4.83969256187 2.90747344236
40.87269815852682 -3.66071591984 5.78842068522 -4.72179057477 2.98442180537
40.91273018414732 -3.42340004234 6.05563343053 -4.60061912537 3.07099705151
40.95276220976781 -3.17683016889 6.25156729429 -4.47577232665 3.16819224576
40.99279423538831 -2.92375580052 6.38157128214 -4.34680840684 3.27680450767
41.03282626100881 -2.66669511745 6.45178794408 -4.21325792302 3.39741540133
41.072858286629305 -2.40791138449 6.46874850965 -4.07463285601 3.53036620955
41.1128903122498 -2.14940403335 6.43905432332 -3.93043677495 3.67573074728
41.152922337870294 -1.89291141941 6.36914898614 -3.78017612761 3.83328986806
41.19295436349079 -1.63991929707 6.26514874273 -3.62337230729 4.00251190507
41.23298638911129 -1.391677037 6.13275710653 -3.45957443814 4.18254254415
41.27301841473179 -1.14921468468 5.97721694429 -3.28837228553 4.3722079029
41.313050440352285 -0.91336187477 5.80329943409 -3.10940872637 4.57003212599
41.353082465972776 -0.684766559832 5.61531250855 -2.92239126688 4.77427029008
41.39311449159327 -0.463913209925 5.41711930765 -2.72710186653 4.98295610823
41.43314651721377 -0.251140431851 5.21215877886 -2.52340464278 5.19396230158
41.47317854283427 -0.0466564534117 5.00346269391 -2.31125078957 5.40506291091
41.51321056845477 0.149442886611 4.79367272603 -2.09068179637 5.61401393471
41.55324259407526 0.337160242529 4.58504938074 -1.86182800994 5.8186189466
41.593274619695755 0.516581441897 4.37948097819 -1.62490543573 6.01679654063
41.63330664531625 0.687860519082 4.17849347061 -1.38021022478 6.20663843017
41.67333867093675 0.851205539326 3.98326221802 -1.12811067827 6.38645416816
41.71337069655725 1.00686484744 3.7946285868 -0.869038000835 6.55480292624
41.75340272217774 1.15511417063 3.61312375608 -0.603475593679 6.71050680567
41.79343474779824 1.29624481927 3.43899938705 -0.331948860711 6.85265206882
41.833466773418735 1.43055318719 3.27226542342 -0.0550146080177 6.98057444864
41.87349879903923 1.55833189702 3.11273484687 0.226748342895 7.09383314203
41.91353082465973 1.67986305582 2.9600729179 0.512747285825 7.1921751613
41.95356285028022 1.79541327878 2.81385081814 0.802382475713 7.27549144276
41.99359487590072 1.90523104029 2.67360088649 1.09505190571 7.3437690266
42.03362690152122 2.00954624065 2.53887187838 1.39015413862 7.39704097016
42.073658927141715 2.10857207443 2.40928215231 1.68708901457 7.43533641267
42.11369095276221 2.20250843606 2.28457037444 1.98525690131 7.45863190663
42.1537229783827 2.29154817779 2.1646391126 2.28405517222 7.46680750541
42.1937550040032 2.37588384869 2.04959395087 2.58287412065 7.45960641946
42.2337870296237 2.45571695873 1.93977210092 2.8810903017 7.436602386
42.273819055244196 2.53126756265 1.83575898079 3.17805927353 7.39717664577
42.313851080864694 2.60278405468 1.73839886195 3.47310797782 7.34049958444
42.353883106485185 2.67055393637 1.64877766472 3.76552548753 7.26553443422
42.39391513210568 2.73491245614 1.5682041143 4.05455563551 7.1710429041
42.43394715772618 2.79625101538 1.49816038439 4.33938902508 7.05561599629
42.47397918334668 2.85502273245 1.44023647706 4.61915718399 6.91771921416
42.514011208967176 2.91174507733 1.39604141323 4.89292877548 6.75575822489
42.55404323458767 2.96699855051 1.36709286718 5.15970880142 6.56816428412
42.594075260208164 3.02142064344 1.35468772296 5.41844151764 6.35349779969
42.63410728582866 3.07569363362 1.35975423229 5.66801834949 6.11057004827
42.67413931144916 3.13052704868 1.38270056288 5.9072902845 5.83857017837
42.71417133706966 3.18663381382 1.42326315967 6.13508556413 5.53719450967
42.754203362690156 3.24470056445 1.48036984055 6.35023240902 5.2067653725
42.794235388310646 3.30535302635 1.55203195072 6.55158607855 4.84832676605
42.834267413931144 3.36911775851 1.63527990692 6.73805918818 4.46370414066
42.87429943955164 3.436382606 1.72615671957 6.90865333882 4.05551609164
42.91433146517214 3.50735812577 1.81977782692 7.0624902192 3.62713183232
42.95436349079264 3.58204283892 1.91046315121 7.1988398523 3.18257095569
42.99439551641313 3.6601952002 1.99193925681 7.31714372802 2.72634991632
43.034427542033626 3.7413149172 2.05760251595 7.41703089434 2.26328624547
43.074459567654124 3.82463582787 2.10082719569 7.49832558873 1.79827779331
43.11449159327462 3.90913168858 2.11529576144 7.56104592343 1.3360788335
43.15452361889512 3.99353516587 2.09533324444 7.60539387871 0.881089298971
43.19455564451561 4.07636978325 2.03621938787 7.63173752738 0.43717853764
43.23458767013611 4.15599356824 1.93445830501 7.64058708705 0.00755645850969
43.274619695756606 4.23065302935 1.78798393881 7.63256662496 -0.405296781853
43.3146517213771 4.29854282669 1.5962988192 7.60838453642 -0.799652367557
43.3546837469976 4.35787020309 1.36052901893 7.56880381791 -1.17450136612
43.39471577261809 4.40691966713 1.08339797292 7.51461454599 -1.52948623638
43.43474779823859 4.44411511287 0.769120825757 7.44660958648 -1.86480598112
43.47477982385909 4.46807609735 0.42322103884 7.36556456214 -2.18110622708
43.514811849479585 4.47766545899 0.0522865970519 7.27222218614 -2.47936765358
43.55484387510008 4.4720262653 -0.336325323768 7.16728097786 -2.76079924481
43.594875900720574 4.45060602365 -0.734816030446 7.05138810967 -3.02674270539
43.63490792634107 4.41316759758 -1.13528655627 6.92513577693 -3.27859078163
43.67493995196157 4.35978647491 -1.5300698438 6.78906053166 -3.51772096747
43.71497197758207 4.29083534358 -1.91203365378 6.64364496875 -3.74544377646
43.755004003202565 4.20695727502 -2.27483889613 6.48932123467 -3.96296381068
43.795036028823056 4.10903000534 -2.6131377387 6.32647582172 -4.17135227319
43.83506805444355 3.99812281327 -2.92270691689 6.15545537725 -4.37152874643
43.87510008006405 3.87545070862 -3.20050603485 5.97657290781 -4.56425176482
43.91513210568455 3.74232659922 -3.44467661521 5.79011434918 -4.75011540777
43.95516413130505 3.6001150373 -3.65448265339 5.59634511353 -4.92955185741
43.99519615692554 3.45018920028 -3.83020521187 5.39551643688 -5.10283904046
44.035228182546035 3.29389303043 -3.97300158514 5.1878713201 -5.27011285495
44.07526020816653 3.13250915001 -4.08475262631 4.97364991426 -5.43138233815
44.11529223378703 2.96723310597 -4.16789740389 4.75309424741 -5.58654812105
44.15532425940753 2.79915437017 -4.22527268597 4.52645215555 -5.73542263674
44.19535628502802 2.62924339227 -4.25996314706 4.29398039596 -5.87775167947
44.23538831064852 2.45834436187 -4.27516927632 4.05594687566 -6.01323565917
44.275420336269015 2.28717308792 -4.27409316461 3.81263205773 -6.14155052179
44.31545236188951 2.11631870619 -4.25984687744 3.56432956355 -6.26236640714
44.35548438751001 1.94624867548 -4.23538580092 3.31134601948 -6.37536349434
44.3955164131305 1.77731624294 -4.20345138156 3.05400046139 -6.48024583738
44.435548438751 1.60976966022 -4.16654234645 2.79262311792 -6.57675053976
44.4755804643715 1.44376246348 -4.1268935808 2.52755397387 -6.6646539758
44.515612489991994 1.2793641106 -4.08647052609 2.25914113404 -6.74377476527
44.55564451561249 1.11657068118 -4.04697291366 1.98773912225 -6.81397302841
44.59567654123298 0.955315390937 -4.00984499346 1.71370727425 -6.8751472425
44.63570856685348 0.795478537755 -3.97629014152 1.4374082988 -6.92722937726
44.67574059247398 0.636896715865 -3.94728784076 1.1592070877 -6.97017838423
44.715772618094476 0.479371569881 -3.92361161928 0.879469720985 -7.00397338016
44.755804643714974 0.322677655273 -3.90584577685 0.598562813475 -7.02860672841
44.79583666933547 0.166569495308 -3.89439880282 0.316853192946 -7.04407795368
44.83586869495596 0.0107887514062 -3.88951619603 0.0347075738165 -7.05038878314
44.87590072057646 -0.144929703357 -3.89128616963 -0.247507316854 -7.04754018874
44.91593274619696 -0.300851361334 -3.89964435714 -0.52942480485 -7.03553043505
44.955964771817456 -0.457236076733 -3.9143715178 -0.810678095938 -7.01435589308
44.995996797437954 -0.614331783361 -3.9350876922 -1.09090022426 -6.98401356568
45.036028823058444 -0.772367796491 -3.96124315795 -1.36972420141 -6.94450509818
45.07606084867894 -0.931547838832 -3.99210492847 -1.64678327836 -6.89584241928
45.11609287429944 -1.0920423503 -4.02674139227 -1.9217115019 -6.83805415227
45.15612489991994 -1.25398022918 -4.06400535142 -2.19414450793 -6.77119243125
45.196156925540436 -1.41743984642 -4.10251739112 -2.46372060131 -6.69533929814
45.236188951160926 -1.58243944446 -4.14065063686 -2.7300820668 -6.61061230203
45.276220976781424 -1.74892700236 -4.17652008184 -2.99287666715 -6.51716810468
45.31625300240192 -1.91676978863 -4.2079777176 -3.25175924453 -6.41520392442
45.35628502802242 -2.08574387802 -4.23261625596 -3.50639332487 -6.30495610869
45.39631705364292 -2.25552399058 -4.24778460531 -3.75645261415 -6.18669525043
45.43634907926341 -2.42567433152 -4.25061800465 -4.00162219598 -6.06071775912
45.476381104883906 -2.59564090122 -4.23808395531 -4.24159934482 -5.92733422818
45.516413130504404 -2.76474599537 -4.20704721134 -4.47609381087 -5.78685447642
45.5564451561249 -2.93218562223 -4.15435479196 -4.70482746235 -5.63956986353
45.5964771817454 -3.09703105782 -4.07694370546 -4.92753311131 -5.48573338525
45.63650920736589 -3.2582348941 -3.97196656983 -5.14395257584 -5.32553896023
45.67654123298639 -3.41464264968 -3.83693462344 -5.35383387393 -5.15910040161
45.716573258606886 -3.56500843034 -3.66986969184 -5.55692784167 -4.98643076419
45.75660528422738 -3.70802192732 -3.46947318947 -5.7529832661 -4.8074239173
45.79663730984788 -3.84233701917 -3.23528057941 -5.94174196387 -4.62183773046
45.83666933546837 -3.96660681123 -2.9677859417 -6.12293338715 -4.4292830141
45.87670136108887 -4.0795262417 -2.66857148862 -6.29626810184 -4.22921313091
45.91673338670937 -4.17987614639 -2.34036645371 -6.46143167262 -4.02092115703
45.956765412329865 -4.2665700916 -1.98706626783 -6.61807814278 -3.80354148486
45.99679743795036 -4.33870018907 -1.61368450467 -6.7658238718 -3.57605853301
46.036829463570854 -4.39557996965 -1.22624208927 -6.90424180265 -3.33732277756
46.07686148919135 -4.43678128626 -0.831585028618 -7.03285658823 -3.08607656942
46.11689351481185 -4.46216258967 -0.437138486052 -7.15114096002 -2.82099112235
46.15692554043235 -4.47188631979 -0.0506303513206 -7.25851384884 -2.54071493448
46.196957566052845 -4.46642507504 0.320240894515 -7.35434064531 -2.24393736573
46.236989591673336 -4.44655347504 0.668134241851 -7.4379363678 -1.92946621236
46.27702161729383 -4.41332735509 0.986395068798 -7.5085721983 -1.59631960811
46.31705364291433 -4.36805017311 1.26935310844 -7.56548592737 -1.24382892211
46.35708566853483 -4.31222847102 1.51257646827 -7.60789661834 -0.871747864087
46.39711769415533 -4.24751800665 1.71306386612 -7.6350237643 -0.480360069375
46.43714971977582 -4.17566388303 1.86936615457 -7.64611044611 -0.0705743591626
46.477181745396315 -4.09843730791 1.98163011924 -7.6404498607 0.356003479128
46.51721377101681 -4.01757215246 2.05155781553 -7.61741415299 0.797035977425
46.55724579663731 -3.93470490086 2.08229058221 -7.5764835569 1.24946391099
46.59727782225781 -3.8513205658 2.07821671771 -7.51727425476 1.70956978461
46.6373098478783 -3.76870758232 2.04471915444 -7.4395625982 2.17309371889
46.6773418734988 -3.68792401311 1.98787525306 -7.34330360486 2.63539894107
46.717373899119295 -3.60977627855 1.91413247719 -7.22864205965 3.09167194655
46.75740592473979 -3.53481038753 1.82998126203 -7.09591558495 3.53714030072
46.79743795036029 -3.46331698394 1.74164622222 -6.94564829294 3.96729136511
46.83746997598078 -3.39534738807 1.65481805108 -6.7785364461 4.37806913151
46.87750200160128 -3.33073952167 1.57444455194 -6.59542673992 4.76603120395
46.91753402722178 -3.26915046309 1.5045858262 -6.39728960787 5.12845766511
46.957566052842274 -3.21009411638 1.44834505842 -6.18518874539 5.46340078441
46.99759807846277 -3.15297940073 1.40785918336 -5.96025039326 5.76968564031
47.03763010408327 -3.09714818283 1.38435187079 -5.72363316587 6.04685961926
47.07766212970376 -3.04191010482 1.37823195382 -5.47650070722 6.29510472336
47.11769415532426 -2.98657259524 1.38922214911 -5.21999855002 6.51512551595
47.157726180944756 -2.93046547301 1.41650495195 -4.95523565362 6.70802430973
47.197758206565254 -2.87295972392 1.4588733351 -4.68327088601 6.87517452637
47.23779023218575 -2.81347987345 1.51487576717 -4.40510483677 7.0181013674
47.27782225780624 -2.75151131121 1.58294661386 -4.12167572532 7.13837683434
47.31785428342674 -2.68660243241 1.66151825135 -3.83385942986 7.23753244379
47.35788630904724 -2.61836288579 1.74911345438 -3.54247248813 7.316990102
47.397918334667736 -2.54645843417 1.84441501276 -3.24827757071 7.37801315688
47.437950360288234 -2.47060350599 1.9463146079 -2.95199050197 7.42167538674
47.477982385908724 -2.39055219609 2.05394301886 -2.65428818722 7.44884576244
47.51801441152922 -2.30608837728 2.1666820067 -2.35581686505 7.46018824778
47.55804643714972 -2.21701543584 2.28416211257 -2.05720030575 7.45617312973
47.59807846277022 -2.12314696051 2.40624783492 -1.75904688632 7.4370977348
47.638110488390716 -2.02429784009 2.53301006495 -1.46195592137 7.40311752547
47.678142514011206 -1.92027694863 2.66469341792 -1.16652247375 7.35428065653
47.718174539631704 -1.81088034012 2.80167189219 -0.873341311492 7.29057242964
47.7582065652522 -1.69588683211 2.94439805499 -0.583008599998 7.21196388709
47.7982385908727 -1.57505663645 3.09335572514 -0.296121055412 7.11845569744
47.8382706164932 -1.44813094191 3.24900378556 -0.0132738929908 7.01012932518
47.87830264211369 -1.31483398375 3.41171855211 0.264943466508 6.88719729429
47.918334667734186 -1.1748774426 3.58174500693 0.537953341675 6.75004268542
47.958366693354684 -1.02796669301 3.75914359461 0.805197481186 6.59925918068
47.99839871897518 -0.873809156605 3.94374355895 1.06614625659 6.43568065358
48.03843074459568 -0.712124660165 4.13510432173 1.32030865746 6.26039655049
48.07846277021617 -0.542656102363 4.33248616678 1.56724173043 6.07475374089
48.11849479583667 -0.365182362089 4.53482045662 1.80656137337 5.88034919882
48.158526821457166 -0.179532903179 4.74068186734 2.03795350865 5.67901091461
48.19855884707766 0.0143990797915 4.94828717168 2.26118020716 5.47274748522
48.23859087269816 0.2166415793 5.15548020909 2.47608666895 5.26369769411
48.27862289831865 0.427128459625 5.35972092877 2.68260544139 5.05406864393
48.31865492393915 0.645684069823 5.55807524989 2.88075759543 4.84606638289
48.35868694955965 0.87200751628 5.74720170301 3.0706513626 4.64182619868
48.398718975180145 1.10565520199 5.92333352931 3.25247782584 4.44334050765
48.43875100080064 1.34602421583 6.0822600893 3.42650396492 4.25240113939
48.478783026421134 1.59233384528 6.21930870075 3.59306361007 4.07054725077
48.51881505204163 1.84360688809 6.32933513231 3.75254648561 3.89902844217
48.55884707766213 2.09865092161 6.40673335639 3.90538611906 3.73878340987
48.59887910328263 2.35604038567 6.44546908683 4.05204736597 3.59042890143
48.638911128903125 2.61410083851 6.43916700505 4.1930132948 3.45426978072
48.678943154523616 2.87089817728 6.38125443501 4.3287732192 3.33031373533
48.71897518014411 3.1242342379 6.26517336882 4.45981114108 3.21829388742
48.75900720576461 3.37165440264 6.08469322999 4.58659543113 3.11769679389
48.79903923138511 3.61046673776 5.83428018483 4.70956929704 3.02778499679
48.83907125700561 3.83777948572 5.50956402888 4.82914232845 2.94761918597
48.8791032826261 4.05055752744 5.10784045899 4.94568272746 2.87607212822
48.919135308246595 4.24569942663 4.62858485849 5.05950994968 2.81183664477
48.95916733386709 4.42013397274 4.07391589507 5.17088758619 2.75342916618
48.99919935948759 4.57093441064 3.44893844247 5.28001634297 2.6991912474
49.03923138510809 4.69544082004 2.7619162109 5.38702706792 2.64729320574
49.079263410728586 4.79138707885 2.02421066775 5.49197404056 2.5957406806
49.11929543634908 4.85701854854 1.24994790695 5.59482858842 2.54238543396
49.159327461969575 4.89119249628 0.455459137194 5.6954731375 2.4849358736
49.19935948759007 4.8934512685 -0.341495553801 5.79369563872 2.4209632261
49.23939151321057 4.86406212833 -1.12263307403 5.88918399064 2.34789695118
49.27942353883107 4.80401901907 -1.87006495797 5.98152007081 2.2630056008
49.31945556445156 4.7150097477 -2.56714865331 6.0701726639 2.16336457885
49.35948759007206 4.59935170816 -3.19917720932 6.15448899061 2.04581882872
49.399519615692554 4.45990388777 -3.75385735096 6.23368486696 1.90695604515
49.43955164131305 4.29996440991 -4.22156643813 6.30683437491 1.74311204328
49.47958366693355 4.12316188685 -4.59541681337 6.37286074421 1.55043039625
49.51961569255404 3.93334700035 -4.87116872315 6.43053110354 1.32500023464
49.55964771817454 3.73448985327 -5.04707379251 6.47845855202 1.0630800784
49.599679743795036 3.53058357772 -5.12370027095 6.51511484209 0.761409451792
49.639711769415534 3.32555480615 -5.10378427543 6.53885712663 0.417591236842
49.67974379503603 3.123178962 -4.99212910279 6.54797080738 0.0305070830769
49.71977582065652 2.92699889479 -4.79554293375 6.54072886576 -0.399284494617
49.75980784627702 2.74024573449 -4.52277677225 6.51546565006 -0.869232597561
49.79983987189752 2.56576311038 -4.18441537491 6.4706607073 -1.37462006285
49.839871897518016 2.40593748161 -3.79266783162 6.40502575041 -1.90858628093
49.879903923138514 2.26263958633 -3.36101917804 6.31758632226 -2.46237645296
49.919935948759004 2.13718285517 -2.90373532013 6.2077488583 -3.02580747352
49.9599679743795 2.03030410749 -2.43524545658 6.07534560078 -3.58790826632
50.0 1.94217065727 -1.96945772049 5.92065145495 -4.13766108081
