Estación:       CHINIPAS,  CHIH
Operada por:    SMN EMAS
Longitud:       108°32'11"  Latitud: 27°23'34"  Altitud: 431

DD/MM/AAAA HH:MM      DIRS      DIRR      VELS      VELR      TEMP        HR        PB      PREC   RADSOL
25/01/2018 23:00       153       110      9.69     27.20      28.0         3     963.6       0.0     302.3
26/01/2018 00:00       244       191      3.94     12.80      24.3         9     964.2       0.0      25.7
26/01/2018 01:00       186       259      0.27      4.20      19.9        18     964.7       0.0       0.0
26/01/2018 02:00       103       117      0.48      4.30      15.6        24     965.2       0.0       0.0
26/01/2018 03:00       294       275      0.21      4.40      12.5        32     965.9       0.0       0.0
26/01/2018 04:00       294       300      1.02      5.00      10.4        34     966.4       0.0       0.0
26/01/2018 05:00       285       236      0.40      4.30       8.8        37     967.2       0.0       0.0
26/01/2018 06:00       230       281      0.56      5.00       7.3        41     967.8       0.0       0.0
26/01/2018 07:00       251       294      0.50      4.30       6.1        45     968.0       0.0       0.0
26/01/2018 08:00       246       228      0.28      3.80       4.7        48     968.2       0.0       0.0
26/01/2018 09:00       238       287      1.01      4.40       4.1        49     968.3       0.0       0.0
26/01/2018 10:00       240       169      0.20      4.30       3.1        52     968.4       0.0       0.0
26/01/2018 11:00       215       188      0.74      4.30       2.2        54     968.5       0.0       0.0
26/01/2018 12:00       228       237      0.37      3.80       1.4        56     969.0       0.0       0.0
26/01/2018 13:00       244       243      0.55      4.10       0.7        58     969.6       0.0       0.0
26/01/2018 14:00       197       190      0.32      3.90       0.6        58     970.1       0.0      29.5
26/01/2018 15:00       194       177      1.98      4.00       4.5        46     970.6       0.0     205.8
26/01/2018 16:00       197       225      2.08      4.90      10.5        29     970.8       0.0     416.3
26/01/2018 17:00       212       223      4.51      7.80      15.3        19     970.4       0.0     602.7
26/01/2018 18:00        98        65      1.89      8.10      19.7        12     969.3       0.0     731.0
26/01/2018 19:00       322       109      1.92     10.90      22.8        10     967.5       0.0     788.0
26/01/2018 20:00       238       238      3.73      8.40      25.2        10     965.8       0.0     768.7
26/01/2018 21:00       343       268      0.84     10.60      27.3        10     964.4       0.0     670.7
26/01/2018 22:00       280       281      6.94     15.10      28.0        10     963.6       0.0     498.5
26/01/2018 23:00       267       280      8.95     16.30      27.8        10     963.3       0.0     299.5
27/01/2018 00:00       219       232      3.72     12.30      24.8        13     963.3       0.0      28.5
27/01/2018 01:00       129       159      3.76      7.90      21.6        16     963.8       0.0       0.0
27/01/2018 02:00       115        96      1.33      6.40      17.7        23     964.4       0.0       0.0
27/01/2018 03:00       229       179      0.63      3.90      14.5        33     964.9       0.0       0.0
27/01/2018 04:00       208       170      0.17      3.80      11.6        40     965.3       0.0       0.0
27/01/2018 05:00       272       223      0.26      3.80      10.0        44     965.7       0.0       0.0
27/01/2018 06:00       255       253      0.55      4.90       8.5        48     966.1       0.0       0.0
27/01/2018 07:00       236       297      0.59      5.50       7.3        51     966.1       0.0       0.0
27/01/2018 08:00       263        64      0.57      3.90       6.3        51     966.3       0.0       0.0
27/01/2018 09:00       248       272      0.46      3.90       5.3        53     966.5       0.0       0.0
27/01/2018 10:00       233        77      0.58      3.80       4.4        56     966.6       0.0       0.0
27/01/2018 11:00       253       275      0.35      3.80       3.9        56     966.6       0.0       0.0
27/01/2018 12:00       245       230      0.06      3.80       3.2        59     966.8       0.0       0.0
27/01/2018 13:00       213       236      0.91      4.60       2.6        60     967.5       0.0       0.0
27/01/2018 14:00       219       237      0.64      4.40       2.5        59     968.1       0.0      30.5
27/01/2018 15:00       188       193      2.36      4.00       6.1        50     968.4       0.0     206.8
27/01/2018 16:00       207       191      1.51      4.60      11.6        32     968.5       0.0     414.8
27/01/2018 17:00       196       177      2.75      6.50      16.8        22     967.8       0.0     598.3
27/01/2018 18:00       206       227      4.90      7.90      21.0        16     966.5       0.0     728.2
27/01/2018 19:00       228       205      4.92      9.70      23.8        12     964.9       0.0     792.5
27/01/2018 20:00       227       199      3.11      7.90      26.6        10     963.5       0.0     774.5
27/01/2018 21:00       157       127      2.39     10.60      28.9         9     962.2       0.0     675.7
27/01/2018 22:00       131        91      2.69      8.30      30.5         9     961.5       0.0     498.5
27/01/2018 23:00       219       201      5.65     14.50      30.7        10     961.3       0.0     299.2
28/01/2018 00:00       133       250      4.20     10.30      26.5        14     961.6       0.0      31.5
28/01/2018 01:00       129       117      2.82      6.80      22.0        19     962.1       0.0       0.0
28/01/2018 02:00       316       328      0.83      4.60      17.7        32     962.7       0.0       0.0
28/01/2018 03:00       232       259      0.87      4.00      14.3        39     963.2       0.0       0.0
28/01/2018 04:00        45        57      1.09      4.70      12.3        41     963.8       0.0       0.0
28/01/2018 05:00       110        95      1.08      4.90      10.7        43     964.4       0.0       0.0
28/01/2018 06:00       344        83      1.02      7.60       9.5        44     964.7       0.0       0.0
28/01/2018 07:00       115       240      0.16      6.70       8.4        47     964.9       0.0       0.0
28/01/2018 08:00       319       243      0.22      5.50       7.4        51     965.1       0.0       0.0
28/01/2018 09:00       176       247      0.60      4.30       6.4        54     965.2       0.0       0.0
28/01/2018 10:00       281       239      0.72      4.60       5.5        56     965.3       0.0       0.0
28/01/2018 11:00       157       225      0.83      5.90       4.7        58     965.4       0.0       0.0
28/01/2018 12:00       212        61      0.41      4.30       4.1        60     965.8       0.0       0.0
28/01/2018 13:00       231       238      0.64      3.90       3.5        61     966.6       0.0       0.0
28/01/2018 14:00       202       198      0.45      3.80       3.4        60     967.3       0.0      30.0
28/01/2018 15:00       206       225      2.05      4.00       7.2        48     967.9       0.0     201.7
28/01/2018 16:00       206       195      2.02      3.90      13.0        31     967.7       0.0     407.0
28/01/2018 17:00       204       190      3.01      6.10      18.6        20     967.1       0.0     587.3
28/01/2018 18:00       171       108      2.88      6.40      23.6        14     965.8       0.0     714.2
28/01/2018 19:00       201       120      1.75      8.00      28.0        10     964.0       0.0     774.2
28/01/2018 20:00        72       221      1.66      6.40      30.5         8     962.4       0.0     759.7
28/01/2018 21:00       258       202      1.20      7.00      32.5         8     961.3       0.0     668.2
28/01/2018 22:00       136        91      2.61      7.60      33.5         8     960.7       0.0     494.8
28/01/2018 23:00       213       191      4.74     10.30      33.4         8     960.5       0.0     288.5
29/01/2018 00:00       149       217      4.01      9.20      29.3        11     960.6       0.0      35.0
29/01/2018 01:00       111       295      2.62      7.10      25.0        16     961.3       0.0       0.0
29/01/2018 02:00       110       241      1.39      4.60      20.5        26     962.1       0.0       0.0
29/01/2018 03:00       125        94      0.77      4.20      16.8        33     963.0       0.0       0.0
29/01/2018 04:00       225       114      0.52      6.30      14.9        36     964.0       0.0       0.0
29/01/2018 05:00       303        58      1.39     12.20      13.6        36     964.9       0.0       0.0
29/01/2018 06:00        25       290      0.03      8.40      13.0        38     965.4       0.0       0.0
29/01/2018 07:00        58       282      0.69      8.30      11.4        43     965.9       0.0       0.0
29/01/2018 08:00       260       116      0.21      6.10      10.3        47     966.3       0.0       0.0
29/01/2018 09:00       187        72      0.77      5.50       9.6        48     966.4       0.0       0.0
29/01/2018 10:00       100        53      1.48      4.90       8.8        50     966.5       0.0       0.0
29/01/2018 11:00       299       116      0.17      4.40       8.6        52     966.7       0.0       0.0
29/01/2018 12:00       153        74      0.66      9.00       8.0        54     967.4       0.0       0.0
29/01/2018 13:00       289       218      0.36      6.20       7.7        57     968.4       0.0       0.0
29/01/2018 14:00       153        78      0.94      6.30       7.8        55     969.2       0.0      30.2
29/01/2018 15:00       177       204      0.96      4.30      11.8        46     969.6       0.0     197.3
29/01/2018 16:00       149       179      2.16      5.10      18.5        30     969.7       0.0     398.5
29/01/2018 17:00       199       248      3.68      6.60      25.2        20     969.2       0.0     578.7
29/01/2018 18:00       230       201      7.28     18.30      28.7        16     968.1       0.0     707.0
29/01/2018 19:00       206       215      7.10     17.70      29.9        14     966.6       0.0     770.5
29/01/2018 20:00       224       249      8.91     20.10      31.3        12     964.9       0.0     759.8
29/01/2018 21:00       231       214      4.96     16.50      32.2        11     964.0       0.0     670.2
29/01/2018 22:00       242       192      7.63     19.70      32.7        10     963.3       0.0     502.2
29/01/2018 23:00       227       272      4.80     11.40      33.1        10     963.0       0.0     298.5
30/01/2018 00:00       174       205      2.19     12.40      29.4        13     963.1       0.0      39.8
30/01/2018 01:00       206        60      2.74     21.80      26.0        16     963.9       0.0       0.0
30/01/2018 02:00       144        69      3.28     19.20      25.8        15     965.3       0.0       0.0
30/01/2018 03:00       177       256      2.14     11.90      24.2        18     966.4       0.0       0.0
30/01/2018 04:00       210        67      1.53      7.00      22.0        21     967.2       0.0       0.0
30/01/2018 05:00       225        51      1.09      7.40      20.0        25     967.6       0.0       0.0
30/01/2018 06:00       306       301      0.97      4.90      17.6        32     967.6       0.0       0.0
30/01/2018 07:00       291       225      1.15      6.80      16.2        36     967.5       0.0       0.0
30/01/2018 08:00       208       106      0.51      4.10      14.3        41     967.4       0.0       0.0
30/01/2018 09:00        49        50      0.31      7.70      12.7        46     967.3       0.0       0.0
30/01/2018 10:00       303        85      0.24      5.50      11.5        50     967.4       0.0       0.0
30/01/2018 11:00       250       105      0.34      5.80      10.2        54     967.3       0.0       0.0
30/01/2018 12:00       206        94      0.13      4.60       9.4        54     967.4       0.0       0.0
30/01/2018 13:00       231       302      0.36      5.10       8.8        57     968.0       0.0       0.0
30/01/2018 14:00       125        85      0.93      5.00       8.6        58     968.6       0.0      21.8
30/01/2018 15:00       153       109      0.15      3.80      12.2        47     968.9       0.0     202.7
30/01/2018 16:00       188       187      3.02      6.20      17.8        32     968.6       0.0     405.3
30/01/2018 17:00       220       183      4.35      7.40      21.9        22     967.9       0.0     589.3
30/01/2018 18:00       192       113      2.23      9.20      25.9        18     966.6       0.0     591.7
30/01/2018 19:00       250       194      5.04     10.70      27.6        16     964.9       0.0     736.5
30/01/2018 20:00       259       268      1.85     14.30      29.5        14     963.1       0.0     771.0
30/01/2018 21:00       180       275      1.74     12.30      30.8        14     961.9       0.0     665.2
30/01/2018 22:00       269       333      2.13      8.90      31.5        13     961.1       0.0     473.3
30/01/2018 23:00       188       183      4.30      9.80      30.8        15     961.0       0.0     209.0
31/01/2018 00:00       150       195      0.94      6.10      28.1        18     961.3       0.0      46.0
31/01/2018 01:00       102        76      3.23      6.70      25.5        20     961.7       0.0       0.0
31/01/2018 02:00       123       334      1.03      6.40      22.3        26     962.4       0.0       0.0
31/01/2018 03:00       102       124      1.82      6.30      20.2        29     963.0       0.0       0.0
31/01/2018 04:00       146       227      0.30      4.20      17.6        37     963.6       0.0       0.0
31/01/2018 05:00         0       147      0.00      0.00      15.5        44     964.2       0.0       0.0
31/01/2018 06:00         0       325      0.00      0.00      13.9        48     964.5       0.0       0.0
31/01/2018 07:00       236       191      0.27      4.80      12.7        50     964.7       0.0       0.0
31/01/2018 08:00       286       214      0.56      4.40      11.5        54     964.7       0.0       0.0
31/01/2018 09:00       285       217      0.18      3.80      10.6        55     964.6       0.0       0.0
31/01/2018 10:00       209       206      0.63      4.80       9.6        58     964.4       0.0       0.0
31/01/2018 11:00       258       267      1.43      4.30       9.0        60     964.3       0.0       0.0
31/01/2018 12:00       220       111      0.24      4.20       8.1        62     964.7       0.0       0.0
31/01/2018 13:00       210       105      0.41      4.30       7.8        63     965.5       0.0       0.0
31/01/2018 14:00       207       220      0.10      3.80       7.4        65     966.2       0.0      30.5
31/01/2018 15:00       187       247      1.56      4.40      11.0        53     966.5       0.0     197.5
31/01/2018 16:00       177       208      2.03      4.40      16.2        38     966.6       0.0     382.5
31/01/2018 17:00       209       260      3.22      7.40      20.9        28     966.2       0.0     558.0
31/01/2018 18:00       219       221      3.41      7.10      24.5        22     965.1       0.0     672.0
31/01/2018 19:00       263       256      2.53      7.10      27.3        18     963.3       0.0     727.7
31/01/2018 20:00       245       197      4.14      9.40      29.3        16     961.7       0.0     729.7
31/01/2018 21:00        94       138      2.78     11.10      31.1        14     960.8       0.0     642.0
31/01/2018 22:00       285       335     12.47     30.60      30.9        14     960.6       0.0     429.0
31/01/2018 23:00       303       340     14.35     26.10      29.7        15     960.6       0.0     209.7
01/02/2018 00:00       279       308     10.26     26.70      28.3        17     961.2       0.0      40.7
01/02/2018 01:00        50        41      7.64     16.60      26.8        20     962.0       0.0       0.2
01/02/2018 02:00        70       103      9.58     22.90      26.0        23     963.1       0.0       0.0
01/02/2018 03:00       141        81      4.95     22.10      24.3        26     963.7       0.0       0.0
01/02/2018 04:00       160       112      6.06     21.20      22.3        30     964.3       0.0       0.0
01/02/2018 05:00       271       162      3.92     11.30      20.0        36     964.6       0.0       0.0
01/02/2018 06:00       225        98      1.31      7.00      17.7        42     964.6       0.0       0.0
01/02/2018 07:00       289       338      1.13     10.60      16.8        45     964.7       0.0       0.0
01/02/2018 08:00       268       240      0.57      3.80      15.6        49     965.1       0.0       0.0
01/02/2018 09:00       353       251      0.07      3.60      14.8        52     965.1       0.0       0.0
01/02/2018 10:00       350       350      0.27      3.80      14.6        53     965.4       0.0       0.0
01/02/2018 11:00       235       249      0.34      3.90      14.2        55     965.6       0.0       0.0
01/02/2018 12:00       338       105      0.95      4.70      14.3        54     966.0       0.0       0.0
01/02/2018 13:00        18       202      0.21      3.90      14.5        55     966.5       0.0       0.0
01/02/2018 14:00       265       132      0.65      7.30      14.2        57     967.1       0.0      13.3
01/02/2018 15:00       223       206      0.79      3.90      15.0        56     967.7       0.0      63.8
01/02/2018 16:00       131       133      0.08      3.70      16.7        48     968.4       0.0     119.3
01/02/2018 17:00       219       227      1.23      5.20      19.0        42     968.9       0.0     228.3
01/02/2018 18:00       191       257      1.26      5.10      21.2        36     968.4       0.0     294.7
01/02/2018 19:00         0       322      3.49      8.10      24.0        27     967.2       0.0     348.7
01/02/2018 20:00        19        27      2.13      9.50      25.6        24     965.9       0.0     448.3
